ground,0,580,2048,20
start,240,540,40,50
goal,4600,500,80,80
wall_3d,4720,500,20,100
wall_3d,4720,400,20,100
wall_3d,4720,320,20,100
wall_3d,4720,220,20,100
wall_3d,4720,180,20,100
wall_3d,4720,80,20,100
wall_3d,4720,0,20,100
platform,2060,580,100,20
platform,2020,580,100,20
platform,2140,580,100,20
platform,2260,580,100,20
platform,2260,580,100,20
platform,2260,580,100,20
platform,2260,580,100,20
platform,2260,580,100,20
platform,2260,580,100,20
platform,2260,580,100,20
platform,2260,580,100,20
platform,2260,580,100,20
platform,2260,580,100,20
platform,2260,580,100,20
platform,2260,580,100,20
platform,2260,580,100,20
platform,2240,580,100,20
platform,2220,580,100,20
platform,2200,580,100,20
platform,2180,580,100,20
platform,2180,580,100,20
platform,2160,580,100,20
platform,2160,580,100,20
platform,2160,580,100,20
platform,2160,580,100,20
platform,2160,580,100,20
platform,2160,580,100,20
platform,2160,580,100,20
platform,2160,580,100,20
platform,2160,580,100,20
platform,2160,580,100,20
platform,2160,580,100,20
platform,2180,580,100,20
platform,2200,580,100,20
platform,2220,580,100,20
platform,2240,580,100,20
platform,2240,580,100,20
platform,2260,580,100,20
platform,2280,580,100,20
platform,2280,580,100,20
platform,2300,580,100,20
platform,2320,580,100,20
platform,2320,580,100,20
platform,2340,580,100,20
platform,2360,580,100,20
platform,2380,580,100,20
platform,2380,580,100,20
platform,2400,580,100,20
platform,2420,580,100,20
platform,2440,580,100,20
platform,2440,580,100,20
platform,2460,580,100,20
platform,2480,580,100,20
platform,2480,580,100,20
platform,2500,580,100,20
platform,2520,580,100,20
platform,2520,580,100,20
platform,2540,580,100,20
platform,2560,580,100,20
platform,2580,580,100,20
platform,2600,580,100,20
platform,2600,580,100,20
platform,2620,580,100,20
platform,2640,580,100,20
platform,2640,580,100,20
platform,2660,580,100,20
platform,2680,580,100,20
platform,2680,580,100,20
platform,2700,580,100,20
platform,2720,580,100,20
platform,2740,580,100,20
platform,2740,580,100,20
platform,2760,580,100,20
platform,2780,580,100,20
platform,2800,580,100,20
platform,2820,580,100,20
platform,2820,580,100,20
platform,2840,580,100,20
platform,2860,580,100,20
platform,2860,580,100,20
platform,2880,580,100,20
platform,2900,580,100,20
platform,2900,580,100,20
platform,2920,580,100,20
platform,2940,580,100,20
platform,2960,580,100,20
platform,2960,580,100,20
platform,2980,580,100,20
platform,3000,580,100,20
platform,3000,580,100,20
platform,3020,580,100,20
platform,3040,580,100,20
platform,3040,580,100,20
platform,3060,580,100,20
platform,3080,580,100,20
platform,3100,580,100,20
platform,3100,580,100,20
platform,3120,580,100,20
platform,3140,580,100,20
platform,3160,580,100,20
platform,3180,580,100,20
platform,3180,580,100,20
platform,3200,580,100,20
platform,3220,580,100,20
platform,3220,580,100,20
platform,3240,580,100,20
platform,3240,580,100,20
platform,3260,580,100,20
platform,3280,580,100,20
platform,3300,580,100,20
platform,3300,580,100,20
platform,3320,580,100,20
platform,3340,580,100,20
platform,3360,580,100,20
platform,3360,580,100,20
platform,3380,580,100,20
platform,3400,580,100,20
platform,3420,580,100,20
platform,3420,580,100,20
platform,3440,580,100,20
platform,3460,580,100,20
platform,3460,580,100,20
platform,3480,580,100,20
platform,3500,580,100,20
platform,3520,580,100,20
platform,3520,580,100,20
platform,3540,580,100,20
platform,3560,580,100,20
platform,3560,580,100,20
platform,3580,580,100,20
platform,3600,580,100,20
platform,3600,580,100,20
platform,3620,580,100,20
platform,3640,580,100,20
platform,3660,580,100,20
platform,3660,580,100,20
platform,3680,580,100,20
platform,3700,580,100,20
platform,3720,580,100,20
platform,3740,580,100,20
platform,3740,580,100,20
platform,3760,580,100,20
platform,3780,580,100,20
platform,3780,580,100,20
platform,3800,580,100,20
platform,3820,580,100,20
platform,3820,580,100,20
platform,3840,580,100,20
platform,3860,580,100,20
platform,3880,580,100,20
platform,3880,580,100,20
platform,3900,580,100,20
platform,3920,580,100,20
platform,3920,580,100,20
platform,3940,580,100,20
platform,3960,580,100,20
platform,3980,580,100,20
platform,3980,580,100,20
platform,4000,580,100,20
platform,4020,580,100,20
platform,4040,580,100,20
platform,4040,580,100,20
platform,4060,580,100,20
platform,4080,580,100,20
platform,4100,580,100,20
platform,4100,580,100,20
platform,4120,580,100,20
platform,4120,580,100,20
platform,4140,580,100,20
platform,4160,580,100,20
platform,4180,580,100,20
platform,4180,580,100,20
platform,4200,580,100,20
platform,4220,580,100,20
platform,4240,580,100,20
platform,4240,580,100,20
platform,4260,580,100,20
platform,4280,580,100,20
platform,4300,580,100,20
platform,4300,580,100,20
platform,4320,580,100,20
platform,4340,580,100,20
platform,4340,580,100,20
platform,4360,580,100,20
platform,4380,580,100,20
platform,4380,580,100,20
platform,4400,580,100,20
platform,4420,580,100,20
platform,4440,580,100,20
platform,4440,580,100,20
platform,4460,580,100,20
platform,4480,580,100,20
platform,4480,580,100,20
platform,4500,580,100,20
platform,4520,580,100,20
platform,4540,580,100,20
platform,4560,580,100,20
platform,4560,580,100,20
platform,4580,580,100,20
platform,4580,580,100,20
platform,4600,580,100,20
platform,4620,580,100,20
platform,4640,580,100,20
platform,360,500,100,20
platform,500,400,100,20
platform,660,320,100,20
platform,200,280,100,20
platform,300,280,100,20
trampoline,260,260,80,20
trampoline,680,560,80,20
wall_3d,760,220,20,100
platform,660,200,100,20
platform,500,280,100,20
platform,380,420,100,20
platform,200,0,100,20
platform,200,0,100,20
platform,200,0,100,20
platform,200,0,100,20
platform,200,0,100,20
platform,200,0,100,20
platform,200,0,100,20
platform,200,0,100,20
platform,200,0,100,20
platform,200,0,100,20
platform,220,0,100,20
platform,240,0,100,20
platform,240,0,100,20
platform,260,0,100,20
platform,280,0,100,20
platform,280,0,100,20
platform,300,0,100,20
platform,320,0,100,20
platform,340,0,100,20
platform,360,0,100,20
platform,360,0,100,20
platform,380,0,100,20
platform,400,0,100,20
platform,400,0,100,20
platform,420,0,100,20
platform,440,0,100,20
platform,440,0,100,20
platform,460,0,100,20
platform,480,0,100,20
platform,500,0,100,20
platform,500,0,100,20
platform,520,0,100,20
platform,540,0,100,20
platform,560,0,100,20
platform,560,0,100,20
platform,580,0,100,20
platform,600,0,100,20
platform,600,0,100,20
platform,620,0,100,20
platform,640,0,100,20
platform,640,0,100,20
platform,660,0,100,20
platform,680,0,100,20
platform,700,0,100,20
platform,720,0,100,20
platform,720,0,100,20
platform,740,0,100,20
platform,760,0,100,20
platform,760,0,100,20
platform,780,0,100,20
platform,800,0,100,20
platform,800,0,100,20
platform,820,0,100,20
platform,840,0,100,20
platform,860,0,100,20
platform,860,0,100,20
platform,880,0,100,20
platform,900,0,100,20
platform,900,0,100,20
platform,920,0,100,20
platform,940,0,100,20
platform,960,0,100,20
platform,960,0,100,20
platform,980,0,100,20
platform,1000,0,100,20
platform,1000,0,100,20
platform,1020,0,100,20
platform,1040,0,100,20
platform,1060,0,100,20
platform,1060,0,100,20
platform,1080,0,100,20
platform,1100,0,100,20
platform,1120,0,100,20
platform,1120,0,100,20
platform,1140,0,100,20
platform,1160,0,100,20
platform,1160,0,100,20
platform,1180,0,100,20
platform,1200,0,100,20
platform,1200,0,100,20
platform,1220,0,100,20
platform,1240,0,100,20
platform,1260,0,100,20
platform,1280,0,100,20
platform,1280,0,100,20
platform,1300,0,100,20
platform,1300,0,100,20
platform,1320,0,100,20
platform,1340,0,100,20
platform,1340,0,100,20
platform,1360,0,100,20
platform,1380,0,100,20
platform,1400,0,100,20
platform,1420,0,100,20
platform,1420,0,100,20
platform,1440,0,100,20
platform,1460,0,100,20
platform,1480,0,100,20
platform,1480,0,100,20
platform,1500,0,100,20
platform,1520,0,100,20
platform,1520,0,100,20
platform,1540,0,100,20
platform,1560,0,100,20
platform,1560,0,100,20
platform,1580,0,100,20
platform,1600,0,100,20
platform,1620,0,100,20
platform,1640,0,100,20
platform,1640,0,100,20
platform,1660,0,100,20
platform,1660,0,100,20
platform,1680,0,100,20
platform,1700,0,100,20
platform,1720,0,100,20
platform,1720,0,100,20
platform,1740,0,100,20
platform,1760,0,100,20
platform,1780,0,100,20
platform,1780,0,100,20
platform,1800,0,100,20
platform,1820,0,100,20
platform,1820,0,100,20
platform,1840,0,100,20
platform,1860,0,100,20
platform,1880,0,100,20
platform,1880,0,100,20
platform,1900,0,100,20
platform,1920,0,100,20
platform,1920,0,100,20
platform,1940,0,100,20
platform,1960,0,100,20
platform,1980,0,100,20
platform,1980,0,100,20
platform,2000,0,100,20
platform,2020,0,100,20
platform,2020,0,100,20
platform,2040,0,100,20
platform,2060,0,100,20
platform,2080,0,100,20
platform,2080,0,100,20
platform,2100,0,100,20
platform,2120,0,100,20
platform,2120,0,100,20
platform,2140,0,100,20
platform,2160,0,100,20
platform,2160,0,100,20
platform,2180,0,100,20
platform,2200,0,100,20
platform,2220,0,100,20
platform,2240,0,100,20
platform,2240,0,100,20
platform,2260,0,100,20
platform,2280,0,100,20
platform,2280,0,100,20
platform,2300,0,100,20
platform,2320,0,100,20
platform,2340,0,100,20
platform,2340,0,100,20
platform,2360,0,100,20
platform,2360,0,100,20
platform,2380,0,100,20
platform,2400,0,100,20
platform,2420,0,100,20
platform,2440,0,100,20
platform,2440,0,100,20
platform,2460,0,100,20
platform,2480,0,100,20
platform,2480,0,100,20
platform,2500,0,100,20
platform,2520,0,100,20
platform,2520,0,100,20
platform,2540,0,100,20
platform,2560,0,100,20
platform,2580,0,100,20
platform,2580,0,100,20
platform,2600,0,100,20
platform,2620,0,100,20
platform,2620,0,100,20
platform,2640,0,100,20
platform,2660,0,100,20
platform,2680,0,100,20
platform,2680,0,100,20
platform,2700,0,100,20
platform,2720,0,100,20
platform,2720,0,100,20
platform,2740,0,100,20
platform,2760,0,100,20
platform,2780,0,100,20
platform,2780,0,100,20
platform,2800,0,100,20
platform,2820,0,100,20
platform,2820,0,100,20
platform,2840,0,100,20
platform,2860,0,100,20
platform,2860,0,100,20
platform,2880,0,100,20
platform,2900,0,100,20
platform,2920,0,100,20
platform,2920,0,100,20
platform,2940,0,100,20
platform,2960,0,100,20
platform,2980,0,100,20
platform,3000,0,100,20
platform,3000,0,100,20
platform,3020,0,100,20
platform,3040,0,100,20
platform,3040,0,100,20
platform,3060,0,100,20
platform,3080,0,100,20
platform,3080,0,100,20
platform,3100,0,100,20
platform,3120,0,100,20
platform,3120,0,100,20
platform,3140,0,100,20
platform,3160,0,100,20
platform,3180,0,100,20
platform,3200,0,100,20
platform,3200,0,100,20
platform,3220,0,100,20
platform,3240,0,100,20
platform,3240,0,100,20
platform,3260,0,100,20
platform,3280,0,100,20
platform,3300,0,100,20
platform,3300,0,100,20
platform,3320,0,100,20
platform,3340,0,100,20
platform,3360,0,100,20
platform,3360,0,100,20
platform,3380,0,100,20
platform,3380,0,100,20
platform,3400,0,100,20
platform,3420,0,100,20
platform,3440,0,100,20
platform,3440,0,100,20
platform,3460,0,100,20
platform,3480,0,100,20
platform,3480,0,100,20
platform,3500,0,100,20
platform,3520,0,100,20
platform,3540,0,100,20
platform,3560,0,100,20
platform,3560,0,100,20
platform,3580,0,100,20
platform,3600,0,100,20
platform,3600,0,100,20
platform,3620,0,100,20
platform,3640,0,100,20
platform,3640,0,100,20
platform,3660,0,100,20
platform,3680,0,100,20
platform,3700,0,100,20
platform,3700,0,100,20
platform,3720,0,100,20
platform,3740,0,100,20
platform,3740,0,100,20
platform,3760,0,100,20
platform,3780,0,100,20
platform,3800,0,100,20
platform,3800,0,100,20
platform,3820,0,100,20
platform,3840,0,100,20
platform,3860,0,100,20
platform,3860,0,100,20
platform,3880,0,100,20
platform,3900,0,100,20
platform,3920,0,100,20
platform,3920,0,100,20
platform,3940,0,100,20
platform,3960,0,100,20
platform,3960,0,100,20
platform,3980,0,100,20
platform,3980,0,100,20
platform,4000,0,100,20
platform,4020,0,100,20
platform,4040,0,100,20
platform,4060,0,100,20
platform,4060,0,100,20
platform,4080,0,100,20
platform,4100,0,100,20
platform,4100,0,100,20
platform,4120,0,100,20
platform,4140,0,100,20
platform,4160,0,100,20
platform,4160,0,100,20
platform,4180,0,100,20
platform,4200,0,100,20
platform,4220,0,100,20
platform,4220,0,100,20
platform,4240,0,100,20
platform,4240,0,100,20
platform,4260,0,100,20
platform,4280,0,100,20
platform,4300,0,100,20
platform,4300,0,100,20
platform,4320,0,100,20
platform,4340,0,100,20
platform,4360,0,100,20
platform,4380,0,100,20
platform,4380,0,100,20
platform,4400,0,100,20
platform,4420,0,100,20
platform,4420,0,100,20
platform,4440,0,100,20
platform,4440,0,100,20
platform,4460,0,100,20
platform,4480,0,100,20
platform,4500,0,100,20
platform,4520,0,100,20
platform,4520,0,100,20
platform,4540,0,100,20
platform,4560,0,100,20
platform,4560,0,100,20
platform,4580,0,100,20
platform,4640,0,100,20
