ground,0,580,4000,20
start,197,540,40,50
goal,3703,383,80,80
platform,377,500,102,20
platform,579,419,181,20
platform,785,323,80,20
spike,642,580,20,20
spike,662,580,20,20
spike,682,580,20,20
spike,702,580,20,20
platform,936,379,161,20
spike,840,580,20,20
spike,860,580,20,20
platform,1100,237,164,20
platform,1254,286,181,20
slope,1281,137,100,100,100,0
platform,1381,137,100,20
platform,1366,250,193,20
slope,1447,186,100,100,100,0
platform,1547,186,100,20
platform,1606,329,100,20
platform,1763,324,161,20
wall_3d,1684,224,20,100
platform,1624,304,80,20
platform,1898,272,156,20
wall_3d,1830,172,20,100
platform,1770,252,80,20
platform,2086,399,113,20
slope,2011,172,100,100,100,0
platform,2111,172,100,20
platform,2236,319,120,20
trampoline,2114,379,80,20
platform,2371,343,92,20
platform,2500,422,82,20
trampoline,2396,323,80,20
platform,2630,388,116,20
slope,2616,322,100,100,100,0
platform,2716,322,100,20
platform,2781,461,199,20
slope,2829,288,100,100,100,0
platform,2929,288,100,20
platform,2887,488,83,20
slope,2864,361,100,100,100,0
platform,2964,361,100,20
platform,3093,434,183,20
wall_3d,2990,334,20,100
platform,2930,414,80,20
platform,3193,337,181,20
slope,3274,334,100,100,100,0
platform,3374,334,100,20
platform,3367,479,83,20
wall_3d,3280,379,20,100
platform,3220,459,80,20
platform,3482,337,100,20
platform,3663,263,191,20
slope,3673,237,100,100,100,0
platform,3773,237,100,20
wall_3d,3323,278,20,83
wall_3d,2460,273,20,119
wall_3d,1142,256,20,68
platform,2774,540,80,20
platform,2386,151,82,20
wall_3d,1969,231,20,92
platform,3689,340,75,20
platform,769,269,93,20
platform,2325,160,62,20
platform,912,344,76,20
platform,2512,279,91,20
wall_3d,2725,123,20,51
wall_3d,740,202,20,81
wall_3d,3667,180,20,100
platform,3482,511,81,20
