ground,0,580,4000,20
start,123,540,40,50
goal,3818,380,80,80
platform,319,500,168,20
wall_3d,221,400,20,100
platform,161,480,80,20
platform,497,500,80,20
platform,692,500,164,20
wall_3d,594,400,20,100
platform,534,480,80,20
platform,850,420,101,20
trampoline,720,480,80,20
platform,1062,331,123,20
wall_3d,956,231,20,100
platform,896,311,80,20
platform,1185,271,91,20
wall_3d,1123,171,20,100
platform,1063,251,80,20
platform,1375,286,80,20
spike,1240,580,20,20
spike,1260,580,20,20
spike,1280,580,20,20
spike,1300,580,20,20
spike,1320,580,20,20
platform,1592,430,130,20
slope,1505,186,100,100,100,0
platform,1605,186,100,20
platform,1790,355,190,20
trampoline,1615,410,80,20
platform,1973,294,83,20
trampoline,1830,335,80,20
platform,2111,341,150,20
platform,2245,437,106,20
trampoline,2145,321,80,20
platform,2361,337,81,20
slope,2326,337,100,100,100,0
platform,2426,337,100,20
platform,2607,237,89,20
spike,2464,580,20,20
spike,2484,580,20,20
platform,2748,381,90,20
platform,2880,404,140,20
wall_3d,2814,304,20,100
platform,2754,384,80,20
platform,3044,347,142,20
platform,3243,423,150,20
wall_3d,3143,323,20,100
platform,3083,403,80,20
platform,3466,452,176,20
platform,3708,437,173,20
trampoline,3495,432,80,20
platform,2779,169,91,20
platform,204,331,83,20
wall_3d,2814,359,20,71
wall_3d,1616,164,20,99
platform,2340,390,56,20
platform,2548,327,72,20
wall_3d,514,142,20,113
platform,934,177,100,20
platform,3797,304,68,20
platform,1283,522,52,20
platform,2341,160,56,20
platform,3093,494,56,20
platform,2964,436,55,20
