ground,0,580,4000,20
start,180,540,40,50
goal,3852,327,80,80
platform,304,500,163,20
trampoline,229,520,80,20
platform,479,500,165,20
wall_3d,391,400,20,100
platform,331,480,80,20
platform,693,500,184,20
trampoline,501,480,80,20
platform,848,469,178,20
wall_3d,770,369,20,100
platform,710,449,80,20
platform,1064,500,167,20
slope,1015,369,100,100,100,0
platform,1115,369,100,20
platform,1285,400,106,20
slope,1170,400,100,100,100,0
platform,1270,400,100,20
platform,1495,416,111,20
slope,1396,300,100,100,100,0
platform,1496,300,100,20
platform,1632,378,97,20
slope,1592,316,100,100,100,0
platform,1692,316,100,20
platform,1858,497,93,20
trampoline,1674,358,80,20
platform,2007,405,122,20
platform,2133,277,99,20
platform,2382,187,86,20
slope,2219,177,100,100,100,0
platform,2319,177,100,20
platform,2518,288,193,20
platform,2715,416,142,20
platform,2952,359,124,20
platform,3188,485,187,20
wall_3d,3070,385,20,100
platform,3010,465,80,20
platform,3366,500,111,20
slope,3299,385,100,100,100,0
platform,3399,385,100,20
platform,3468,500,147,20
wall_3d,3417,400,20,100
platform,3357,480,80,20
platform,3684,500,157,20
slope,3625,400,100,100,100,0
platform,3725,400,100,20
wall_3d,2953,272,20,97
wall_3d,215,485,20,52
platform,2267,558,95,20
wall_3d,3673,200,20,59
platform,1076,205,96,20
wall_3d,290,547,20,56
wall_3d,1829,126,20,58
wall_3d,3871,469,20,70
wall_3d,2033,103,20,105
wall_3d,730,551,20,54
wall_3d,2977,537,20,119
platform,940,452,60,20
platform,3858,278,52,20
