ground,0,580,4000,20
start,186,540,40,50
goal,3751,419,80,80
platform,316,500,123,20
wall_3d,251,400,20,100
platform,191,480,80,20
platform,435,500,192,20
trampoline,346,480,80,20
platform,609,493,163,20
platform,815,500,120,20
slope,729,393,100,100,100,0
platform,829,393,100,20
platform,919,384,174,20
trampoline,836,480,80,20
platform,1083,343,163,20
trampoline,952,364,80,20
platform,1306,423,167,20
platform,1482,279,171,20
wall_3d,1394,179,20,100
platform,1334,259,80,20
platform,1685,405,126,20
platform,1880,496,90,20
trampoline,1733,385,80,20
platform,2035,500,104,20
wall_3d,1957,400,20,100
platform,1897,480,80,20
platform,2174,500,143,20
platform,2397,472,167,20
wall_3d,2285,372,20,100
platform,2225,452,80,20
platform,2561,329,180,20
spike,2439,580,20,20
spike,2459,580,20,20
spike,2479,580,20,20
spike,2499,580,20,20
spike,2519,580,20,20
platform,2751,446,83,20
wall_3d,2656,346,20,100
platform,2596,426,80,20
platform,2870,500,136,20
trampoline,2779,426,80,20
platform,3024,500,97,20
platform,3239,500,101,20
trampoline,3070,480,80,20
platform,3455,398,190,20
slope,3429,400,100,100,100,0
platform,3529,400,100,20
platform,3643,455,168,20
wall_3d,3549,355,20,100
platform,3489,435,80,20
platform,1940,337,87,20
wall_3d,1502,265,20,107
platform,2848,189,66,20
platform,2244,445,92,20
wall_3d,3422,395,20,113
platform,1394,235,58,20
wall_3d,3137,332,20,107
platform,624,225,52,20
wall_3d,335,342,20,101
platform,3325,230,63,20
platform,2725,116,74,20
wall_3d,2165,209,20,73
platform,3732,128,57,20
wall_3d,1045,319,20,77
wall_3d,2253,245,20,74
platform,1648,374,63,20
wall_3d,1160,135,20,73
platform,2835,427,83,20
platform,2166,433,86,20
wall_3d,3819,217,20,102
