ground,0,580,4000,20
start,146,540,40,50
goal,3781,246,80,80
platform,315,500,183,20
wall_3d,230,400,20,100
platform,170,480,80,20
platform,434,500,92,20
trampoline,355,480,80,20
platform,677,500,124,20
slope,558,400,100,100,100,0
platform,658,400,100,20
platform,796,500,193,20
platform,977,500,124,20
platform,1098,423,132,20
slope,1109,400,100,100,100,0
platform,1209,400,100,20
platform,1348,407,170,20
slope,1268,323,100,100,100,0
platform,1368,323,100,20
platform,1472,500,127,20
platform,1711,500,143,20
slope,1615,400,100,100,100,0
platform,1715,400,100,20
platform,1874,500,125,20
wall_3d,1792,400,20,100
platform,1732,480,80,20
platform,2009,500,152,20
trampoline,1922,480,80,20
platform,2139,408,109,20
trampoline,2034,480,80,20
platform,2331,360,117,20
platform,2432,327,91,20
wall_3d,2381,227,20,100
platform,2321,307,80,20
platform,2677,420,198,20
platform,2777,343,133,20
wall_3d,2727,243,20,100
platform,2667,323,80,20
platform,2999,329,127,20
trampoline,2822,323,80,20
platform,3130,456,124,20
trampoline,3038,309,80,20
platform,3260,478,136,20
trampoline,3155,436,80,20
platform,3438,500,106,20
wall_3d,3349,400,20,100
platform,3289,480,80,20
platform,3629,482,83,20
wall_3d,3533,382,20,100
platform,3473,462,80,20
wall_3d,3594,185,20,114
platform,489,154,54,20
platform,2550,343,80,20
platform,1285,363,65,20
wall_3d,3074,211,20,82
platform,581,182,96,20
platform,3469,333,88,20
platform,304,369,68,20
platform,2473,271,82,20
wall_3d,1411,488,20,116
platform,605,128,64,20
platform,3188,324,94,20
platform,976,371,66,20
platform,631,415,95,20
wall_3d,2411,280,20,55
wall_3d,1851,194,20,101
wall_3d,2376,505,20,90
