ground,0,580,4000,20
start,158,540,40,50
goal,3835,206,80,80
platform,316,500,174,20
platform,553,361,93,20
slope,409,400,100,100,100,0
platform,509,400,100,20
platform,700,243,129,20
platform,911,165,93,20
platform,1031,310,121,20
platform,1143,388,147,20
slope,1178,210,100,100,100,0
platform,1278,210,100,20
platform,1287,387,104,20
platform,1469,457,191,20
trampoline,1312,367,80,20
platform,1700,500,133,20
platform,1884,500,152,20
slope,1852,400,100,100,100,0
platform,1952,400,100,20
platform,2078,445,100,20
spike,1961,580,20,20
spike,1981,580,20,20
spike,2001,580,20,20
platform,2183,495,160,20
platform,2318,500,191,20
platform,2454,500,96,20
platform,2609,462,90,20
trampoline,2490,480,80,20
platform,2787,346,177,20
platform,3023,473,96,20
trampoline,2831,326,80,20
platform,3173,500,199,20
wall_3d,3098,400,20,100
platform,3038,480,80,20
platform,3282,500,129,20
platform,3413,500,195,20
platform,3624,368,179,20
trampoline,3437,480,80,20
platform,3846,500,114,20
trampoline,3663,348,80,20
platform,1493,485,59,20
wall_3d,594,133,20,78
platform,1011,429,72,20
wall_3d,162,204,20,91
platform,3159,474,73,20
platform,1372,255,54,20
platform,3787,253,77,20
platform,2719,168,95,20
platform,2488,252,82,20
wall_3d,734,526,20,112
platform,1828,239,68,20
platform,3077,559,79,20
wall_3d,641,435,20,72
wall_3d,1153,392,20,107
platform,2697,477,51,20
wall_3d,3596,309,20,62
