ground,0,580,4000,20
start,130,540,40,50
goal,3787,373,80,80
platform,341,500,82,20
platform,584,500,184,20
wall_3d,462,400,20,100
platform,402,480,80,20
platform,806,500,177,20
slope,761,400,100,100,100,0
platform,861,400,100,20
platform,969,452,83,20
slope,889,400,100,100,100,0
platform,989,400,100,20
platform,1076,500,169,20
platform,1282,466,82,20
spike,1159,580,20,20
spike,1179,580,20,20
spike,1199,580,20,20
platform,1462,335,140,20
wall_3d,1372,235,20,100
platform,1312,315,80,20
platform,1587,260,124,20
platform,1695,213,197,20
wall_3d,1641,113,20,100
platform,1581,193,80,20
platform,1832,328,170,20
platform,1952,196,160,20
slope,1992,228,100,100,100,0
platform,2092,228,100,20
platform,2201,313,85,20
platform,2414,325,161,20
platform,2639,284,192,20
trampoline,2459,305,80,20
platform,2837,134,188,20
spike,2698,580,20,20
spike,2718,580,20,20
spike,2738,580,20,20
spike,2758,580,20,20
spike,2778,580,20,20
platform,2996,281,88,20
platform,3187,306,130,20
slope,3126,181,100,100,100,0
platform,3226,181,100,20
platform,3421,347,166,20
slope,3353,206,100,100,100,0
platform,3453,206,100,20
platform,3616,344,114,20
slope,3535,247,100,100,100,0
platform,3635,247,100,20
platform,3100,380,99,20
wall_3d,3136,317,20,110
platform,2260,522,95,20
platform,1890,352,69,20
wall_3d,1505,287,20,104
platform,2373,265,95,20
platform,442,308,85,20
wall_3d,3333,497,20,63
wall_3d,1113,157,20,51
platform,1184,155,93,20
