ground,0,580,4000,20
start,154,540,40,50
goal,3897,274,80,80
platform,395,417,185,20
spike,234,580,20,20
spike,254,580,20,20
spike,274,580,20,20
spike,294,580,20,20
platform,584,314,86,20
platform,689,347,108,20
wall_3d,636,247,20,100
platform,576,327,80,20
platform,812,483,164,20
platform,950,439,119,20
platform,1175,500,91,20
wall_3d,1062,400,20,100
platform,1002,480,80,20
platform,1278,440,123,20
slope,1298,400,100,100,100,0
platform,1398,400,100,20
platform,1390,500,166,20
slope,1444,340,100,100,100,0
platform,1544,340,100,20
platform,1495,484,161,20
platform,1744,500,128,20
spike,1599,580,20,20
spike,1619,580,20,20
spike,1639,580,20,20
platform,1941,496,147,20
platform,2113,422,86,20
wall_3d,2027,322,20,100
platform,1967,402,80,20
platform,2276,455,172,20
trampoline,2151,402,80,20
platform,2467,432,193,20
wall_3d,2371,332,20,100
platform,2311,412,80,20
platform,2669,286,108,20
trampoline,2507,412,80,20
platform,2777,371,149,20
platform,2953,420,164,20
platform,3059,343,114,20
platform,3295,475,148,20
trampoline,3081,323,80,20
platform,3451,500,109,20
trampoline,3342,455,80,20
platform,3648,500,147,20
trampoline,3498,480,80,20
platform,3894,361,141,20
trampoline,3677,480,80,20
platform,2603,299,90,20
platform,3381,490,84,20
wall_3d,317,515,20,62
platform,486,222,74,20
wall_3d,3062,538,20,81
wall_3d,850,118,20,81
platform,2801,454,53,20
platform,515,535,70,20
platform,1638,409,90,20
platform,3417,532,76,20
platform,1767,523,81,20
wall_3d,2902,528,20,103
platform,1676,147,53,20
platform,2048,226,71,20
wall_3d,718,256,20,112
wall_3d,981,533,20,70
wall_3d,2896,136,20,86
platform,2042,104,56,20
platform,1576,262,65,20
platform,1398,342,79,20
