ground,0,580,4000,20
start,154,540,40,50
goal,3740,285,80,80
platform,316,415,90,20
trampoline,178,520,80,20
platform,426,455,132,20
platform,537,500,134,20
wall_3d,481,400,20,100
platform,421,480,80,20
platform,664,500,113,20
platform,787,350,148,20
platform,1036,482,186,20
wall_3d,911,382,20,100
platform,851,462,80,20
platform,1207,400,134,20
wall_3d,1121,300,20,100
platform,1061,380,80,20
platform,1371,411,164,20
slope,1371,300,100,100,100,0
platform,1471,300,100,20
platform,1473,476,109,20
trampoline,1421,391,80,20
platform,1697,500,108,20
wall_3d,1585,400,20,100
platform,1525,480,80,20
platform,1850,416,116,20
wall_3d,1773,316,20,100
platform,1713,396,80,20
platform,2023,500,103,20
spike,1916,580,20,20
spike,1936,580,20,20
platform,2198,369,141,20
trampoline,2065,480,80,20
platform,2314,414,88,20
trampoline,2226,349,80,20
platform,2481,460,141,20
platform,2664,414,132,20
wall_3d,2572,314,20,100
platform,2512,394,80,20
platform,2847,409,190,20
slope,2854,314,100,100,100,0
platform,2954,314,100,20
platform,3051,339,138,20
platform,3182,437,126,20
platform,3335,406,181,20
slope,3363,337,100,100,100,0
platform,3463,337,100,20
platform,3459,308,122,20
trampoline,3380,386,80,20
platform,3679,234,111,20
trampoline,3486,288,80,20
wall_3d,3710,156,20,77
platform,3065,490,74,20
platform,3139,560,50,20
platform,3168,359,98,20
wall_3d,1860,287,20,78
platform,758,244,59,20
wall_3d,1568,547,20,86
wall_3d,1259,513,20,115
wall_3d,2207,237,20,58
platform,2966,205,64,20
