ground,0,580,4000,20
start,200,540,40,50
goal,3743,139,80,80
platform,424,500,132,20
trampoline,225,520,80,20
platform,559,500,139,20
platform,675,461,151,20
wall_3d,617,361,20,100
platform,557,441,80,20
platform,867,500,178,20
wall_3d,771,400,20,100
platform,711,480,80,20
platform,1016,371,196,20
platform,1192,473,135,20
trampoline,1064,351,80,20
platform,1359,500,191,20
trampoline,1222,453,80,20
platform,1490,441,103,20
wall_3d,1424,341,20,100
platform,1364,421,80,20
platform,1690,500,197,20
platform,1903,500,111,20
platform,2058,500,163,20
slope,2066,400,100,100,100,0
platform,2166,400,100,20
platform,2208,500,193,20
slope,2251,400,100,100,100,0
platform,2351,400,100,20
platform,2446,351,197,20
platform,2592,264,199,20
wall_3d,2519,164,20,100
platform,2459,244,80,20
platform,2757,277,83,20
wall_3d,2674,177,20,100
platform,2614,257,80,20
platform,2989,407,165,20
platform,3164,352,154,20
wall_3d,3076,252,20,100
platform,3016,332,80,20
platform,3341,334,188,20
trampoline,3196,332,80,20
platform,3481,429,182,20
trampoline,3388,314,80,20
platform,3684,500,136,20
wall_3d,1890,165,20,75
wall_3d,189,137,20,56
platform,3405,497,70,20
wall_3d,1317,412,20,115
wall_3d,3408,457,20,71
wall_3d,209,216,20,58
platform,3120,521,71,20
wall_3d,3000,424,20,76
wall_3d,3622,323,20,66
platform,1249,465,85,20
wall_3d,2926,407,20,88
wall_3d,1131,396,20,97
wall_3d,1036,296,20,114
wall_3d,3562,100,20,83
