ground,0,580,4000,20
start,147,540,40,50
goal,3881,296,80,80
platform,332,500,102,20
slope,249,440,100,100,100,0
platform,349,440,100,20
platform,452,477,105,20
platform,649,500,199,20
wall_3d,550,400,20,100
platform,490,480,80,20
platform,754,362,194,20
slope,843,400,100,100,100,0
platform,943,400,100,20
platform,946,487,125,20
trampoline,789,342,80,20
platform,1114,480,151,20
trampoline,992,467,80,20
platform,1238,500,124,20
platform,1377,444,117,20
platform,1477,488,130,20
trampoline,1397,424,80,20
platform,1679,500,124,20
platform,1868,391,108,20
platform,1982,477,127,20
platform,2223,454,173,20
slope,2155,377,100,100,100,0
platform,2255,377,100,20
platform,2343,338,117,20
slope,2340,354,100,100,100,0
platform,2440,354,100,20
platform,2451,368,154,20
trampoline,2372,318,80,20
platform,2663,360,84,20
trampoline,2496,348,80,20
platform,2869,246,101,20
wall_3d,2766,146,20,100
platform,2706,226,80,20
platform,3023,286,199,20
wall_3d,2946,186,20,100
platform,2886,266,80,20
platform,3165,273,110,20
slope,3133,186,100,100,100,0
platform,3233,186,100,20
platform,3384,291,91,20
slope,3256,173,100,100,100,0
platform,3356,173,100,20
platform,3598,298,104,20
platform,3847,289,123,20
slope,3721,198,100,100,100,0
platform,3821,198,100,20
platform,2337,442,90,20
wall_3d,1407,271,20,91
platform,1411,342,55,20
platform,2754,252,77,20
wall_3d,2471,280,20,118
wall_3d,2848,230,20,76
platform,1559,118,83,20
platform,1634,161,69,20
platform,2575,453,66,20
wall_3d,3453,558,20,86
wall_3d,2715,542,20,76
wall_3d,3278,146,20,101
