ground,0,580,4000,20
start,117,540,40,50
goal,3888,357,80,80
platform,291,424,168,20
spike,184,580,20,20
spike,204,580,20,20
spike,224,580,20,20
platform,494,456,109,20
wall_3d,392,356,20,100
platform,332,436,80,20
platform,607,393,127,20
trampoline,544,436,80,20
platform,818,309,200,20
trampoline,645,373,80,20
platform,939,326,192,20
wall_3d,878,226,20,100
platform,818,306,80,20
platform,1060,185,185,20
platform,1266,100,173,20
platform,1498,162,166,20
platform,1611,100,84,20
platform,1718,185,148,20
platform,1957,118,199,20
platform,2068,190,109,20
platform,2184,174,82,20
platform,2334,100,91,20
platform,2576,119,119,20
platform,2681,100,163,20
platform,2799,100,168,20
platform,2983,100,158,20
platform,3109,233,144,20
platform,3297,191,200,20
platform,3470,303,146,20
wall_3d,3383,203,20,100
platform,3323,283,80,20
platform,3688,233,150,20
spike,3539,580,20,20
spike,3559,580,20,20
spike,3579,580,20,20
spike,3599,580,20,20
platform,2780,300,91,20
wall_3d,547,201,20,77
platform,985,197,52,20
platform,3839,290,76,20
wall_3d,439,517,20,66
platform,2460,536,89,20
platform,2086,167,97,20
wall_3d,1856,194,20,79
platform,1507,506,65,20
platform,2304,558,53,20
wall_3d,2905,384,20,75
platform,1082,537,82,20
wall_3d,758,392,20,56
platform,2881,324,94,20
platform,662,460,51,20
platform,422,104,53,20
wall_3d,154,363,20,77
