ground,0,580,4000,20
start,133,540,40,50
goal,3808,360,80,80
platform,313,500,162,20
spike,203,580,20,20
spike,223,580,20,20
platform,511,381,139,20
platform,720,500,177,20
trampoline,540,361,80,20
platform,857,383,104,20
wall_3d,788,283,20,100
platform,728,363,80,20
platform,1027,463,85,20
platform,1135,320,91,20
trampoline,1069,443,80,20
platform,1371,321,114,20
slope,1249,220,100,100,100,0
platform,1349,220,100,20
platform,1568,194,139,20
trampoline,1407,301,80,20
platform,1671,332,195,20
platform,1891,479,190,20
slope,1861,232,100,100,100,0
platform,1961,232,100,20
platform,2102,500,183,20
platform,2297,500,83,20
wall_3d,2199,400,20,100
platform,2139,480,80,20
platform,2404,500,199,20
trampoline,2339,480,80,20
platform,2561,500,157,20
platform,2691,500,82,20
platform,2803,500,103,20
slope,2794,400,100,100,100,0
platform,2894,400,100,20
platform,2961,478,108,20
trampoline,2848,480,80,20
platform,3137,413,167,20
trampoline,3005,458,80,20
platform,3338,500,166,20
wall_3d,3237,400,20,100
platform,3177,480,80,20
platform,3490,485,119,20
trampoline,3374,480,80,20
platform,3721,500,191,20
platform,2003,125,92,20
platform,984,372,60,20
wall_3d,2018,304,20,86
wall_3d,757,290,20,116
platform,1421,213,99,20
wall_3d,2537,396,20,94
platform,831,101,60,20
wall_3d,2025,473,20,95
platform,2169,205,84,20
wall_3d,2023,409,20,88
wall_3d,2944,240,20,107
wall_3d,2806,320,20,116
wall_3d,2422,253,20,88
platform,3331,270,68,20
wall_3d,813,351,20,118
wall_3d,1516,354,20,61
wall_3d,282,530,20,77
platform,3556,233,52,20
wall_3d,1640,444,20,112
