ground,0,580,4000,20
start,189,540,40,50
goal,3890,277,80,80
platform,347,500,152,20
trampoline,222,520,80,20
platform,447,439,186,20
platform,644,477,121,20
slope,568,339,100,100,100,0
platform,668,339,100,20
platform,863,351,122,20
trampoline,665,457,80,20
platform,1016,226,143,20
trampoline,889,331,80,20
platform,1207,112,176,20
platform,1319,100,105,20
platform,1533,244,84,20
platform,1676,130,173,20
platform,1923,130,176,20
platform,2076,131,158,20
spike,1979,580,20,20
spike,1999,580,20,20
platform,2294,168,109,20
platform,2485,237,101,20
platform,2662,366,172,20
platform,2880,499,191,20
slope,2853,266,100,100,100,0
platform,2953,266,100,20
platform,3064,500,191,20
trampoline,2913,479,80,20
platform,3233,500,108,20
wall_3d,3148,400,20,100
platform,3088,480,80,20
platform,3357,500,89,20
platform,3459,478,118,20
wall_3d,3408,378,20,100
platform,3348,458,80,20
platform,3567,432,143,20
trampoline,3493,458,80,20
platform,3688,291,191,20
slope,3758,332,100,100,100,0
platform,3858,332,100,20
platform,3854,340,126,20
slope,3814,191,100,100,100,0
platform,3914,191,100,20
platform,2833,428,51,20
platform,3621,155,63,20
platform,583,367,95,20
wall_3d,2874,230,20,112
platform,2831,449,68,20
platform,208,270,65,20
platform,3077,194,70,20
wall_3d,1903,101,20,54
platform,1387,254,63,20
platform,3609,456,54,20
platform,995,139,65,20
platform,3799,478,65,20
platform,1641,262,87,20
platform,3046,288,66,20
