ground,0,580,4000,20
start,191,540,40,50
goal,3722,466,80,80
platform,348,500,97,20
slope,288,440,100,100,100,0
platform,388,440,100,20
platform,493,500,148,20
platform,701,475,153,20
slope,646,400,100,100,100,0
platform,746,400,100,20
platform,913,384,84,20
slope,785,375,100,100,100,0
platform,885,375,100,20
platform,1119,500,174,20
platform,1349,500,158,20
slope,1277,400,100,100,100,0
platform,1377,400,100,20
platform,1570,500,103,20
trampoline,1397,480,80,20
platform,1779,378,114,20
slope,1684,400,100,100,100,0
platform,1784,400,100,20
platform,1939,267,167,20
trampoline,1800,358,80,20
platform,2167,401,117,20
slope,2056,167,100,100,100,0
platform,2156,167,100,20
platform,2326,270,81,20
platform,2510,353,180,20
slope,2506,170,100,100,100,0
platform,2606,170,100,20
platform,2749,425,158,20
wall_3d,2629,325,20,100
platform,2569,405,80,20
platform,2941,451,144,20
trampoline,2794,405,80,20
platform,3113,478,103,20
trampoline,2973,431,80,20
platform,3338,500,141,20
trampoline,3143,458,80,20
platform,3444,437,124,20
wall_3d,3391,337,20,100
platform,3331,417,80,20
platform,3638,410,96,20
spike,3501,580,20,20
spike,3521,580,20,20
spike,3541,580,20,20
spike,3561,580,20,20
spike,3581,580,20,20
platform,2059,384,94,20
wall_3d,261,142,20,64
platform,619,162,65,20
wall_3d,775,117,20,95
wall_3d,3474,482,20,87
platform,1067,405,72,20
wall_3d,517,542,20,75
platform,3772,540,82,20
wall_3d,3552,147,20,90
platform,1388,500,68,20
wall_3d,3441,332,20,109
wall_3d,3504,156,20,92
wall_3d,3789,356,20,76
wall_3d,3787,112,20,115
