ground,0,580,4000,20
start,118,540,40,50
goal,3888,361,80,80
platform,335,500,111,20
slope,229,440,100,100,100,0
platform,329,440,100,20
platform,522,500,130,20
trampoline,379,480,80,20
platform,685,500,170,20
platform,827,492,123,20
trampoline,719,480,80,20
platform,972,500,154,20
platform,1149,500,146,20
trampoline,1005,480,80,20
platform,1355,500,192,20
platform,1599,362,146,20
platform,1766,372,130,20
wall_3d,1682,272,20,100
platform,1622,352,80,20
platform,1916,449,104,20
slope,1870,272,100,100,100,0
platform,1970,272,100,20
platform,2031,451,120,20
trampoline,1949,429,80,20
platform,2220,332,80,20
slope,2111,351,100,100,100,0
platform,2211,351,100,20
platform,2456,182,170,20
trampoline,2266,312,80,20
platform,2694,211,99,20
spike,2535,580,20,20
spike,2555,580,20,20
spike,2575,580,20,20
spike,2595,580,20,20
platform,2881,146,143,20
platform,3064,100,130,20
platform,3192,154,138,20
platform,3416,218,114,20
platform,3661,100,194,20
platform,3795,100,80,20
wall_3d,3475,341,20,95
wall_3d,1279,192,20,110
platform,2217,203,59,20
wall_3d,2939,265,20,81
platform,3279,539,85,20
platform,3123,531,66,20
wall_3d,3750,415,20,78
platform,1532,547,77,20
platform,3031,321,83,20
wall_3d,293,185,20,59
platform,3898,437,87,20
wall_3d,373,394,20,56
platform,2529,357,70,20
platform,1887,314,50,20
platform,1264,441,73,20
platform,1032,317,92,20
platform,3133,408,62,20
