ground,0,580,4000,20
start,118,540,40,50
goal,3785,305,80,80
platform,289,500,84,20
trampoline,141,520,80,20
platform,515,500,178,20
slope,467,400,100,100,100,0
platform,567,400,100,20
platform,723,443,145,20
trampoline,552,480,80,20
platform,955,500,165,20
slope,888,343,100,100,100,0
platform,988,343,100,20
platform,1178,373,95,20
slope,1050,400,100,100,100,0
platform,1150,400,100,20
platform,1317,413,153,20
wall_3d,1247,313,20,100
platform,1187,393,80,20
platform,1547,415,124,20
wall_3d,1432,315,20,100
platform,1372,395,80,20
platform,1767,274,163,20
slope,1710,315,100,100,100,0
platform,1810,315,100,20
platform,1984,177,117,20
slope,1884,174,100,100,100,0
platform,1984,174,100,20
platform,2120,118,199,20
platform,2257,244,160,20
platform,2416,224,90,20
platform,2648,163,174,20
spike,2512,580,20,20
spike,2532,580,20,20
platform,2867,138,200,20
platform,2968,219,180,20
platform,3140,248,171,20
spike,3034,580,20,20
spike,3054,580,20,20
platform,3345,309,126,20
platform,3585,159,135,20
slope,3480,209,100,100,100,0
platform,3580,209,100,20
platform,2800,421,81,20
wall_3d,162,161,20,66
platform,3206,455,85,20
platform,3853,155,68,20
wall_3d,831,402,20,94
wall_3d,1393,527,20,57
wall_3d,3269,442,20,101
wall_3d,2565,137,20,115
wall_3d,3419,555,20,114
wall_3d,3074,534,20,104
platform,342,410,72,20
platform,3128,471,50,20
wall_3d,2725,385,20,69
platform,272,489,94,20
