ground,0,580,4000,20
start,124,540,40,50
goal,3733,228,80,80
platform,348,500,169,20
wall_3d,236,400,20,100
platform,176,480,80,20
platform,536,375,89,20
slope,437,400,100,100,100,0
platform,537,400,100,20
platform,758,439,156,20
trampoline,563,355,80,20
platform,873,442,105,20
platform,1053,443,149,20
wall_3d,963,343,20,100
platform,903,423,80,20
platform,1249,500,138,20
trampoline,1097,423,80,20
platform,1404,411,146,20
wall_3d,1326,311,20,100
platform,1266,391,80,20
platform,1579,302,110,20
platform,1822,243,112,20
slope,1691,202,100,100,100,0
platform,1791,202,100,20
platform,2061,379,111,20
platform,2258,463,192,20
trampoline,2091,359,80,20
platform,2458,500,104,20
trampoline,2279,443,80,20
platform,2623,398,90,20
platform,2801,469,139,20
trampoline,2656,378,80,20
platform,3023,332,111,20
spike,2872,580,20,20
spike,2892,580,20,20
spike,2912,580,20,20
spike,2932,580,20,20
platform,3169,224,88,20
platform,3395,350,190,20
platform,3639,248,91,20
slope,3486,250,100,100,100,0
platform,3586,250,100,20
wall_3d,1462,280,20,53
wall_3d,183,275,20,63
platform,2696,548,100,20
platform,1330,214,82,20
wall_3d,1454,111,20,58
platform,3667,194,93,20
platform,2228,445,82,20
wall_3d,645,163,20,78
wall_3d,162,478,20,93
wall_3d,3024,252,20,96
platform,397,181,80,20
platform,2312,455,68,20
platform,745,426,63,20
wall_3d,2301,430,20,91
wall_3d,1894,555,20,53
wall_3d,1759,459,20,115
platform,1168,378,82,20
