ground,0,580,4000,20
start,127,540,40,50
goal,3728,294,80,80
platform,377,500,101,20
trampoline,177,520,80,20
platform,538,469,133,20
spike,437,580,20,20
spike,457,580,20,20
platform,761,500,113,20
wall_3d,649,400,20,100
platform,589,480,80,20
platform,901,500,197,20
platform,1030,500,118,20
slope,1019,400,100,100,100,0
platform,1119,400,100,20
platform,1208,500,118,20
wall_3d,1119,400,20,100
platform,1059,480,80,20
platform,1388,500,150,20
spike,1258,580,20,20
spike,1278,580,20,20
spike,1298,580,20,20
spike,1318,580,20,20
platform,1494,434,111,20
slope,1499,400,100,100,100,0
platform,1599,400,100,20
platform,1612,473,125,20
slope,1619,334,100,100,100,0
platform,1719,334,100,20
platform,1761,500,165,20
trampoline,1659,453,80,20
platform,2004,500,185,20
slope,1946,400,100,100,100,0
platform,2046,400,100,20
platform,2203,500,103,20
slope,2107,400,100,100,100,0
platform,2207,400,100,20
platform,2345,500,89,20
slope,2292,400,100,100,100,0
platform,2392,400,100,20
platform,2475,451,186,20
trampoline,2384,480,80,20
platform,2686,356,180,20
platform,2811,373,89,20
platform,2957,254,146,20
wall_3d,2884,154,20,100
platform,2824,234,80,20
platform,3106,246,165,20
platform,3249,331,172,20
platform,3450,465,95,20
slope,3344,231,100,100,100,0
platform,3444,231,100,20
platform,3668,500,196,20
spike,3519,580,20,20
spike,3539,580,20,20
spike,3559,580,20,20
spike,3579,580,20,20
platform,2045,373,71,20
wall_3d,935,344,20,113
wall_3d,2949,505,20,74
platform,302,521,89,20
wall_3d,215,321,20,63
wall_3d,1583,268,20,55
platform,657,353,90,20
wall_3d,3520,124,20,59
platform,2504,401,60,20
wall_3d,2098,282,20,87
platform,220,358,76,20
platform,2468,448,81,20
