ground,0,580,4000,20
start,126,540,40,50
goal,3875,217,80,80
platform,237,415,85,20
slope,211,440,100,100,100,0
platform,311,440,100,20
platform,437,500,120,20
trampoline,258,395,80,20
platform,650,500,85,20
trampoline,465,480,80,20
platform,829,351,146,20
slope,796,400,100,100,100,0
platform,896,400,100,20
platform,946,365,174,20
platform,1118,281,189,20
spike,992,580,20,20
spike,1012,580,20,20
spike,1032,580,20,20
spike,1052,580,20,20
platform,1348,134,197,20
slope,1315,181,100,100,100,0
platform,1415,181,100,20
platform,1482,274,91,20
platform,1611,198,151,20
slope,1633,174,100,100,100,0
platform,1733,174,100,20
platform,1802,340,140,20
spike,1666,580,20,20
spike,1686,580,20,20
spike,1706,580,20,20
spike,1726,580,20,20
spike,1746,580,20,20
platform,2049,374,144,20
trampoline,1825,320,80,20
platform,2229,339,147,20
trampoline,2072,354,80,20
platform,2340,212,128,20
slope,2357,239,100,100,100,0
platform,2457,239,100,20
platform,2583,275,93,20
slope,2433,112,100,100,100,0
platform,2533,112,100,20
platform,2790,348,197,20
slope,2780,175,100,100,100,0
platform,2880,175,100,20
platform,2900,305,196,20
platform,3061,175,155,20
spike,2960,580,20,20
spike,2980,580,20,20
spike,3000,580,20,20
platform,3236,290,163,20
platform,3399,388,97,20
slope,3333,190,100,100,100,0
platform,3433,190,100,20
platform,3528,500,176,20
platform,3690,379,184,20
wall_3d,3609,279,20,100
platform,3549,359,80,20
platform,803,480,52,20
wall_3d,1850,297,20,112
wall_3d,1488,129,20,118
wall_3d,3391,430,20,104
platform,2471,457,84,20
wall_3d,2537,507,20,93
platform,1405,507,80,20
wall_3d,393,511,20,70
platform,3369,185,75,20
wall_3d,1950,333,20,62
platform,1631,327,67,20
