ground,0,580,4000,20
start,199,540,40,50
goal,3866,292,80,80
platform,440,500,129,20
wall_3d,319,400,20,100
platform,259,480,80,20
platform,582,362,127,20
wall_3d,511,262,20,100
platform,451,342,80,20
platform,791,269,111,20
wall_3d,686,169,20,100
platform,626,249,80,20
platform,969,229,81,20
wall_3d,880,129,20,100
platform,820,209,80,20
platform,1209,357,178,20
slope,1147,129,100,100,100,0
platform,1247,129,100,20
platform,1348,440,85,20
slope,1294,257,100,100,100,0
platform,1394,257,100,20
platform,1588,500,136,20
wall_3d,1468,400,20,100
platform,1408,480,80,20
platform,1794,500,130,20
trampoline,1634,480,80,20
platform,1902,500,112,20
platform,2055,468,121,20
trampoline,1936,480,80,20
platform,2256,363,90,20
slope,2145,368,100,100,100,0
platform,2245,368,100,20
platform,2399,214,135,20
platform,2649,225,151,20
platform,2896,327,118,20
platform,3011,370,156,20
trampoline,2930,307,80,20
platform,3130,329,179,20
platform,3253,342,172,20
platform,3471,445,108,20
slope,3361,242,100,100,100,0
platform,3461,242,100,20
platform,3673,325,90,20
wall_3d,3572,225,20,100
platform,3512,305,80,20
platform,3700,253,53,20
platform,2942,441,63,20
wall_3d,2201,449,20,113
wall_3d,221,375,20,62
wall_3d,2960,260,20,113
platform,2554,235,62,20
platform,1862,158,58,20
wall_3d,3620,451,20,54
platform,154,461,65,20
wall_3d,712,395,20,89
platform,439,281,93,20
platform,2581,292,86,20
