ground,0,580,4000,20
start,186,540,40,50
goal,3888,130,80,80
platform,322,450,133,20
slope,319,440,100,100,100,0
platform,419,440,100,20
platform,514,500,173,20
slope,495,350,100,100,100,0
platform,595,350,100,20
platform,705,500,192,20
platform,823,500,174,20
platform,1033,405,90,20
spike,908,580,20,20
spike,928,580,20,20
spike,948,580,20,20
platform,1198,472,197,20
slope,1230,305,100,100,100,0
platform,1330,305,100,20
platform,1352,500,163,20
platform,1482,478,195,20
wall_3d,1417,378,20,100
platform,1357,458,80,20
platform,1639,432,115,20
wall_3d,1560,332,20,100
platform,1500,412,80,20
platform,1776,351,96,20
platform,1983,466,131,20
trampoline,1799,331,80,20
platform,2214,500,169,20
slope,2152,366,100,100,100,0
platform,2252,366,100,20
platform,2438,396,193,20
trampoline,2240,480,80,20
platform,2538,500,149,20
platform,2707,438,159,20
slope,2697,400,100,100,100,0
platform,2797,400,100,20
platform,2839,379,139,20
wall_3d,2773,279,20,100
platform,2713,359,80,20
platform,3001,353,101,20
slope,2940,279,100,100,100,0
platform,3040,279,100,20
platform,3179,270,119,20
platform,3295,222,143,20
slope,3322,170,100,100,100,0
platform,3422,170,100,20
platform,3458,367,145,20
platform,3609,251,91,20
spike,3493,580,20,20
spike,3513,580,20,20
spike,3533,580,20,20
spike,3553,580,20,20
spike,3573,580,20,20
platform,3718,283,148,20
platform,3591,550,86,20
platform,864,336,54,20
platform,1328,303,54,20
wall_3d,2921,447,20,89
wall_3d,3440,353,20,113
platform,1365,417,63,20
platform,544,130,87,20
wall_3d,1351,512,20,75
wall_3d,1155,469,20,91
platform,1935,486,94,20
wall_3d,956,280,20,96
platform,3722,405,53,20
wall_3d,3588,526,20,114
wall_3d,714,327,20,74
