ground,0,580,4000,20
start,152,540,40,50
goal,3847,322,80,80
platform,256,396,160,20
wall_3d,204,296,20,100
platform,144,376,80,20
platform,383,283,148,20
platform,491,396,163,20
wall_3d,437,296,20,100
platform,377,376,80,20
platform,709,342,157,20
slope,648,296,100,100,100,0
platform,748,296,100,20
platform,908,375,104,20
trampoline,736,322,80,20
platform,1060,438,114,20
trampoline,933,355,80,20
platform,1228,500,118,20
slope,1178,338,100,100,100,0
platform,1278,338,100,20
platform,1364,500,83,20
trampoline,1269,480,80,20
platform,1591,449,179,20
wall_3d,1477,349,20,100
platform,1417,429,80,20
platform,1756,384,171,20
platform,1914,422,150,20
slope,1906,284,100,100,100,0
platform,2006,284,100,20
platform,2071,500,98,20
trampoline,1942,402,80,20
platform,2289,500,183,20
spike,2140,580,20,20
spike,2160,580,20,20
spike,2180,580,20,20
spike,2200,580,20,20
spike,2220,580,20,20
platform,2394,500,122,20
platform,2554,500,103,20
platform,2659,500,147,20
wall_3d,2606,400,20,100
platform,2546,480,80,20
platform,2870,500,99,20
platform,3081,465,152,20
wall_3d,2975,365,20,100
platform,2915,445,80,20
platform,3280,481,188,20
trampoline,3127,445,80,20
platform,3478,388,91,20
platform,3596,489,189,20
trampoline,3513,368,80,20
platform,3719,405,97,20
platform,2819,537,69,20
platform,2822,524,89,20
platform,126,382,98,20
wall_3d,1087,384,20,73
wall_3d,2041,139,20,64
platform,1540,329,59,20
wall_3d,3697,112,20,62
wall_3d,2791,224,20,91
platform,3717,420,70,20
wall_3d,556,483,20,50
wall_3d,1597,514,20,76
