ground,0,580,4000,20
start,192,540,40,50
goal,3841,298,80,80
platform,357,410,160,20
platform,580,500,195,20
trampoline,394,390,80,20
platform,683,500,153,20
wall_3d,631,400,20,100
platform,571,480,80,20
platform,904,363,93,20
trampoline,705,480,80,20
platform,1010,272,87,20
platform,1206,163,111,20
platform,1365,100,161,20
platform,1543,177,80,20
platform,1653,188,170,20
platform,1757,100,186,20
platform,1999,102,146,20
platform,2204,100,118,20
platform,2329,197,189,20
platform,2576,224,150,20
spike,2432,580,20,20
spike,2452,580,20,20
spike,2472,580,20,20
platform,2762,174,107,20
platform,2909,101,189,20
platform,3018,100,178,20
platform,3170,193,144,20
platform,3373,136,99,20
platform,3590,100,143,20
platform,3772,174,150,20
platform,984,226,77,20
wall_3d,3153,397,20,54
wall_3d,1104,410,20,62
platform,3508,276,74,20
wall_3d,1292,521,20,100
platform,192,504,76,20
platform,818,152,77,20
platform,1945,412,56,20
wall_3d,2567,138,20,69
platform,2832,442,95,20
platform,3105,397,85,20
platform,865,421,94,20
platform,3181,126,69,20
platform,1002,330,90,20
wall_3d,3276,488,20,112
wall_3d,1224,267,20,108
wall_3d,307,337,20,109
wall_3d,3681,545,20,102
wall_3d,2115,557,20,111
platform,203,545,65,20
