ground,0,580,4000,20
start,156,540,40,50
goal,3776,263,80,80
platform,377,500,196,20
trampoline,203,520,80,20
platform,560,452,109,20
trampoline,423,480,80,20
platform,704,446,187,20
platform,833,401,81,20
wall_3d,768,301,20,100
platform,708,381,80,20
platform,995,408,187,20
wall_3d,914,308,20,100
platform,854,388,80,20
platform,1240,279,94,20
trampoline,1042,388,80,20
platform,1456,399,146,20
slope,1386,179,100,100,100,0
platform,1486,179,100,20
platform,1686,335,111,20
wall_3d,1571,235,20,100
platform,1511,315,80,20
platform,1884,242,197,20
platform,2079,267,98,20
slope,1982,142,100,100,100,0
platform,2082,142,100,20
platform,2241,236,145,20
slope,2224,167,100,100,100,0
platform,2324,167,100,20
platform,2372,196,125,20
platform,2547,108,114,20
platform,2670,100,118,20
platform,2783,100,137,20
platform,3005,100,123,20
platform,3143,224,195,20
platform,3387,136,116,20
platform,3534,163,104,20
platform,3722,283,148,20
platform,3837,445,58,20
platform,1604,148,59,20
wall_3d,2335,100,20,56
wall_3d,3056,247,20,81
platform,3768,415,71,20
platform,634,381,86,20
wall_3d,435,506,20,54
wall_3d,2608,431,20,86
platform,2578,421,68,20
platform,193,299,99,20
platform,1341,521,56,20
platform,2014,163,78,20
