ground,0,580,4000,20
start,175,540,40,50
goal,3744,273,80,80
platform,282,462,184,20
slope,359,440,100,100,100,0
platform,459,440,100,20
platform,389,500,156,20
platform,615,500,200,20
trampoline,439,480,80,20
platform,840,373,189,20
trampoline,656,480,80,20
platform,1062,426,91,20
slope,931,273,100,100,100,0
platform,1031,273,100,20
platform,1309,293,151,20
trampoline,1082,406,80,20
platform,1530,213,95,20
slope,1404,193,100,100,100,0
platform,1504,193,100,20
platform,1669,318,124,20
platform,1825,204,86,20
platform,1991,202,161,20
platform,2126,305,102,20
slope,2093,102,100,100,100,0
platform,2193,102,100,20
platform,2237,261,173,20
slope,2299,205,100,100,100,0
platform,2399,205,100,20
platform,2442,281,148,20
platform,2652,261,176,20
slope,2618,181,100,100,100,0
platform,2718,181,100,20
platform,2799,173,120,20
slope,2772,161,100,100,100,0
platform,2872,161,100,20
platform,3028,146,128,20
platform,3148,137,179,20
platform,3324,100,82,20
platform,3468,100,110,20
platform,3651,179,153,20
wall_3d,1692,398,20,72
wall_3d,1874,407,20,84
platform,354,527,62,20
wall_3d,3503,174,20,56
wall_3d,1361,208,20,91
platform,1099,310,77,20
platform,490,311,53,20
wall_3d,3527,483,20,119
platform,1515,109,60,20
wall_3d,608,429,20,54
wall_3d,3680,478,20,91
wall_3d,906,492,20,104
