ground,0,580,4000,20
start,135,540,40,50
goal,3892,346,80,80
platform,300,479,80,20
trampoline,160,520,80,20
platform,477,477,184,20
wall_3d,388,377,20,100
platform,328,457,80,20
platform,628,397,102,20
wall_3d,552,297,20,100
platform,492,377,80,20
platform,872,291,143,20
spike,730,580,20,20
spike,750,580,20,20
spike,770,580,20,20
platform,1073,338,161,20
platform,1217,301,93,20
wall_3d,1145,201,20,100
platform,1085,281,80,20
platform,1334,219,140,20
wall_3d,1275,119,20,100
platform,1215,199,80,20
platform,1532,268,101,20
platform,1638,403,183,20
platform,1884,358,99,20
platform,2018,266,188,20
trampoline,1908,338,80,20
platform,2148,293,83,20
platform,2275,300,149,20
wall_3d,2211,200,20,100
platform,2151,280,80,20
platform,2461,434,134,20
slope,2409,200,100,100,100,0
platform,2509,200,100,20
platform,2695,500,177,20
wall_3d,2578,400,20,100
platform,2518,480,80,20
platform,2838,369,88,20
slope,2783,400,100,100,100,0
platform,2883,400,100,20
platform,2938,350,184,20
platform,3117,410,119,20
trampoline,2976,330,80,20
platform,3354,482,92,20
slope,3209,310,100,100,100,0
platform,3309,310,100,20
platform,3546,359,143,20
trampoline,3374,462,80,20
platform,3795,309,190,20
trampoline,3584,339,80,20
platform,3079,291,97,20
platform,2640,285,91,20
platform,911,513,80,20
platform,1018,430,92,20
platform,901,210,99,20
platform,1861,236,100,20
platform,2651,231,53,20
platform,2176,447,99,20
platform,2860,110,88,20
platform,1624,184,68,20
platform,1241,221,57,20
wall_3d,2109,268,20,118
platform,3784,151,74,20
wall_3d,3708,357,20,93
platform,1288,469,52,20
