ground,0,580,4000,20
start,179,540,40,50
goal,3764,334,80,80
platform,388,500,148,20
platform,507,472,108,20
wall_3d,447,372,20,100
platform,387,452,80,20
platform,694,402,99,20
slope,606,372,100,100,100,0
platform,706,372,100,20
platform,895,445,176,20
trampoline,714,382,80,20
platform,1125,500,93,20
trampoline,920,425,80,20
platform,1331,402,183,20
slope,1308,400,100,100,100,0
platform,1408,400,100,20
platform,1577,500,147,20
trampoline,1355,382,80,20
platform,1795,357,142,20
wall_3d,1686,257,20,100
platform,1626,337,80,20
platform,1993,466,81,20
spike,1874,580,20,20
spike,1894,580,20,20
platform,2100,323,147,20
trampoline,2019,446,80,20
platform,2265,452,94,20
trampoline,2125,303,80,20
platform,2450,500,153,20
trampoline,2311,432,80,20
platform,2641,500,176,20
wall_3d,2545,400,20,100
platform,2485,480,80,20
platform,2820,376,131,20
platform,3017,300,143,20
trampoline,2862,356,80,20
platform,3203,273,98,20
wall_3d,3110,173,20,100
platform,3050,253,80,20
platform,3417,269,102,20
platform,3599,172,111,20
wall_3d,2578,131,20,102
platform,1849,160,59,20
platform,2771,528,100,20
wall_3d,497,525,20,106
wall_3d,1959,144,20,50
wall_3d,1761,486,20,113
platform,128,198,53,20
wall_3d,660,219,20,72
platform,3487,315,90,20
platform,2344,438,62,20
wall_3d,3095,287,20,59
wall_3d,1552,105,20,111
platform,2601,444,72,20
platform,847,243,52,20
platform,3792,513,96,20
platform,987,356,60,20
platform,2585,298,62,20
platform,3352,439,90,20
wall_3d,3225,309,20,78
platform,289,205,81,20
