ground,0,580,4000,20
start,168,540,40,50
goal,3758,453,80,80
platform,300,500,110,20
trampoline,207,520,80,20
platform,480,500,115,20
spike,350,580,20,20
spike,370,580,20,20
spike,390,580,20,20
spike,410,580,20,20
platform,667,500,140,20
trampoline,514,480,80,20
platform,828,500,106,20
wall_3d,747,400,20,100
platform,687,480,80,20
platform,969,496,96,20
platform,1127,500,194,20
platform,1227,500,97,20
platform,1400,500,169,20
platform,1551,407,94,20
slope,1494,400,100,100,100,0
platform,1594,400,100,20
platform,1664,444,80,20
platform,1771,491,106,20
platform,1932,381,169,20
trampoline,1810,471,80,20
platform,2056,415,139,20
trampoline,1968,361,80,20
platform,2292,500,172,20
slope,2228,315,100,100,100,0
platform,2328,315,100,20
platform,2524,500,145,20
trampoline,2330,480,80,20
platform,2682,366,176,20
trampoline,2568,480,80,20
platform,2901,295,158,20
platform,3151,389,185,20
platform,3306,478,159,20
wall_3d,3228,378,20,100
platform,3168,458,80,20
platform,3411,500,161,20
trampoline,3353,458,80,20
platform,3630,500,90,20
platform,2758,185,53,20
platform,422,422,68,20
platform,1232,317,89,20
platform,2092,122,83,20
wall_3d,782,101,20,68
platform,1076,218,67,20
platform,719,114,86,20
platform,2474,413,78,20
platform,395,160,54,20
platform,3545,182,84,20
wall_3d,1701,114,20,105
wall_3d,322,131,20,60
