ground,0,580,4000,20
start,142,540,40,50
goal,3881,448,80,80
platform,339,500,112,20
wall_3d,240,400,20,100
platform,180,480,80,20
platform,585,497,183,20
spike,442,580,20,20
spike,462,580,20,20
platform,833,481,134,20
wall_3d,709,381,20,100
platform,649,461,80,20
platform,945,500,198,20
slope,1031,381,100,100,100,0
platform,1131,381,100,20
platform,1099,428,152,20
slope,1097,400,100,100,100,0
platform,1197,400,100,20
platform,1201,278,194,20
slope,1293,328,100,100,100,0
platform,1393,328,100,20
platform,1361,208,126,20
platform,1540,323,106,20
platform,1785,317,157,20
slope,1697,223,100,100,100,0
platform,1797,223,100,20
platform,1898,406,134,20
platform,2092,290,138,20
slope,2036,306,100,100,100,0
platform,2136,306,100,20
platform,2225,265,98,20
platform,2333,346,124,20
wall_3d,2279,246,20,100
platform,2219,326,80,20
platform,2498,205,117,20
trampoline,2356,326,80,20
platform,2696,289,139,20
platform,2913,387,161,20
platform,3101,419,145,20
slope,3058,287,100,100,100,0
platform,3158,287,100,20
platform,3344,351,166,20
platform,3584,360,156,20
trampoline,3390,331,80,20
platform,3802,316,106,20
slope,3690,260,100,100,100,0
platform,3790,260,100,20
wall_3d,3115,435,20,101
wall_3d,2785,414,20,89
platform,3377,547,99,20
wall_3d,2922,368,20,80
wall_3d,788,204,20,82
wall_3d,2606,555,20,120
wall_3d,3851,256,20,84
wall_3d,429,457,20,119
platform,1132,334,79,20
wall_3d,801,131,20,52
platform,3796,356,52,20
wall_3d,2510,196,20,68
platform,2808,294,81,20
wall_3d,3394,406,20,66
platform,1515,163,54,20
platform,1520,524,97,20
platform,2986,227,100,20
wall_3d,1025,249,20,85
