ground,0,580,4000,20
start,153,540,40,50
goal,3704,141,80,80
platform,258,452,147,20
platform,383,500,134,20
slope,392,352,100,100,100,0
platform,492,352,100,20
platform,566,500,200,20
slope,583,400,100,100,100,0
platform,683,400,100,20
platform,725,403,133,20
slope,699,400,100,100,100,0
platform,799,400,100,20
platform,852,500,152,20
platform,1076,456,193,20
platform,1303,500,157,20
slope,1233,356,100,100,100,0
platform,1333,356,100,20
platform,1492,414,81,20
platform,1606,434,151,20
platform,1802,407,180,20
spike,1684,580,20,20
spike,1704,580,20,20
platform,1986,451,156,20
wall_3d,1894,351,20,100
platform,1834,431,80,20
platform,2202,500,165,20
slope,2151,351,100,100,100,0
platform,2251,351,100,20
platform,2408,500,146,20
trampoline,2245,480,80,20
platform,2631,500,191,20
wall_3d,2519,400,20,100
platform,2459,480,80,20
platform,2825,419,101,20
slope,2732,400,100,100,100,0
platform,2832,400,100,20
platform,3023,363,120,20
slope,2945,319,100,100,100,0
platform,3045,319,100,20
platform,3210,445,109,20
spike,3096,580,20,20
spike,3116,580,20,20
spike,3136,580,20,20
platform,3361,388,140,20
platform,3549,376,131,20
slope,3492,288,100,100,100,0
platform,3592,288,100,20
wall_3d,1253,388,20,67
wall_3d,1451,540,20,68
platform,1464,464,72,20
wall_3d,2676,304,20,68
wall_3d,2407,285,20,83
wall_3d,1817,339,20,68
platform,2104,385,74,20
wall_3d,265,145,20,81
platform,3701,393,77,20
wall_3d,1932,374,20,81
wall_3d,3445,393,20,73
wall_3d,1711,127,20,99
wall_3d,2912,429,20,55
