ground,0,580,4000,20
start,110,540,40,50
goal,3732,161,80,80
platform,358,500,140,20
trampoline,143,520,80,20
platform,524,500,85,20
trampoline,401,480,80,20
platform,671,500,190,20
trampoline,555,480,80,20
platform,849,500,180,20
platform,1020,500,135,20
trampoline,899,480,80,20
platform,1210,436,174,20
trampoline,1041,480,80,20
platform,1418,500,85,20
spike,1274,580,20,20
spike,1294,580,20,20
spike,1314,580,20,20
spike,1334,580,20,20
spike,1354,580,20,20
platform,1572,404,118,20
platform,1730,407,93,20
trampoline,1609,384,80,20
platform,1860,500,184,20
wall_3d,1795,400,20,100
platform,1735,480,80,20
platform,2002,413,142,20
platform,2183,494,164,20
platform,2300,473,97,20
wall_3d,2241,373,20,100
platform,2181,453,80,20
platform,2515,420,195,20
slope,2495,373,100,100,100,0
platform,2595,373,100,20
platform,2698,500,165,20
wall_3d,2606,400,20,100
platform,2546,480,80,20
platform,2922,394,160,20
trampoline,2724,480,80,20
platform,3121,500,102,20
trampoline,2956,374,80,20
platform,3241,393,188,20
platform,3480,500,116,20
platform,3584,389,151,20
trampoline,3512,480,80,20
platform,2183,290,89,20
wall_3d,1480,141,20,52
platform,3810,516,50,20
wall_3d,751,364,20,111
wall_3d,2512,519,20,91
wall_3d,430,383,20,62
platform,666,450,69,20
platform,2055,284,52,20
wall_3d,351,231,20,103
platform,1297,496,71,20
platform,161,438,69,20
platform,2802,415,80,20
wall_3d,2568,261,20,68
wall_3d,3788,214,20,82
platform,1685,374,96,20
platform,851,270,95,20
platform,394,148,72,20
platform,2978,216,72,20
wall_3d,2240,155,20,112
platform,1498,481,65,20
