ground,0,580,4000,20
start,199,540,40,50
goal,3799,164,80,80
platform,335,500,104,20
slope,303,440,100,100,100,0
platform,403,440,100,20
platform,483,439,132,20
wall_3d,409,339,20,100
platform,349,419,80,20
platform,588,500,186,20
platform,819,424,119,20
wall_3d,703,324,20,100
platform,643,404,80,20
platform,951,334,89,20
slope,908,324,100,100,100,0
platform,1008,324,100,20
platform,1131,392,198,20
trampoline,977,314,80,20
platform,1263,350,196,20
slope,1327,292,100,100,100,0
platform,1427,292,100,20
platform,1422,471,193,20
slope,1456,250,100,100,100,0
platform,1556,250,100,20
platform,1611,500,126,20
wall_3d,1516,400,20,100
platform,1456,480,80,20
platform,1757,360,140,20
wall_3d,1684,260,20,100
platform,1624,340,80,20
platform,1972,334,198,20
spike,1844,580,20,20
spike,1864,580,20,20
platform,2134,188,168,20
slope,2140,234,100,100,100,0
platform,2240,234,100,20
platform,2258,147,158,20
platform,2491,208,90,20
platform,2653,232,186,20
slope,2677,108,100,100,100,0
platform,2777,108,100,20
platform,2900,363,87,20
slope,2740,132,100,100,100,0
platform,2840,132,100,20
platform,3034,451,99,20
platform,3258,473,152,20
platform,3369,500,157,20
platform,3569,500,176,20
slope,3545,400,100,100,100,0
platform,3645,400,100,20
platform,3735,463,185,20
slope,3754,400,100,100,100,0
platform,3854,400,100,20
platform,1305,313,70,20
platform,905,242,55,20
wall_3d,2849,342,20,57
platform,3680,184,70,20
wall_3d,2674,214,20,118
wall_3d,538,322,20,85
wall_3d,2744,516,20,83
platform,161,171,92,20
wall_3d,1878,394,20,112
wall_3d,1604,467,20,82
platform,413,430,57,20
wall_3d,1029,265,20,116
platform,1741,186,61,20
