ground,0,580,4000,20
start,112,540,40,50
goal,3877,373,80,80
platform,346,500,125,20
trampoline,136,520,80,20
platform,454,495,173,20
platform,678,500,122,20
platform,855,500,109,20
trampoline,702,480,80,20
platform,981,492,173,20
trampoline,881,480,80,20
platform,1101,500,191,20
platform,1304,399,104,20
trampoline,1126,480,80,20
platform,1543,500,182,20
platform,1749,419,172,20
wall_3d,1646,319,20,100
platform,1586,399,80,20
platform,1935,320,117,20
spike,1822,580,20,20
spike,1842,580,20,20
spike,1862,580,20,20
platform,2126,293,108,20
wall_3d,2030,193,20,100
platform,1970,273,80,20
platform,2364,337,110,20
platform,2604,283,122,20
wall_3d,2484,183,20,100
platform,2424,263,80,20
platform,2754,262,104,20
wall_3d,2679,162,20,100
platform,2619,242,80,20
platform,2962,277,134,20
platform,3201,236,198,20
platform,3434,314,186,20
platform,3552,176,142,20
platform,3676,217,93,20
platform,3781,114,142,20
platform,3650,147,59,20
platform,3624,158,71,20
wall_3d,1666,407,20,96
platform,2006,245,81,20
wall_3d,949,271,20,60
wall_3d,1768,166,20,103
platform,2309,326,85,20
platform,576,499,59,20
wall_3d,2762,354,20,50
platform,1592,319,93,20
wall_3d,118,510,20,88
platform,1919,491,90,20
wall_3d,199,276,20,86
platform,3576,256,93,20
platform,650,485,61,20
platform,2377,334,86,20
platform,3326,312,63,20
