ground,0,580,4000,20
start,113,540,40,50
goal,3893,350,80,80
platform,266,500,184,20
wall_3d,189,400,20,100
platform,129,480,80,20
platform,426,403,125,20
trampoline,312,480,80,20
platform,553,500,105,20
platform,678,437,80,20
trampoline,589,480,80,20
platform,870,358,128,20
slope,806,337,100,100,100,0
platform,906,337,100,20
platform,1048,381,144,20
slope,1014,258,100,100,100,0
platform,1114,258,100,20
platform,1263,410,82,20
platform,1471,359,154,20
trampoline,1294,390,80,20
platform,1620,427,171,20
trampoline,1506,339,80,20
platform,1721,500,82,20
slope,1702,327,100,100,100,0
platform,1802,327,100,20
platform,1922,428,192,20
platform,2106,473,119,20
trampoline,1955,408,80,20
platform,2321,430,121,20
wall_3d,2213,330,20,100
platform,2153,410,80,20
platform,2555,496,173,20
trampoline,2365,410,80,20
platform,2678,500,183,20
platform,2869,500,150,20
platform,3019,444,133,20
platform,3253,500,182,20
platform,3414,463,157,20
wall_3d,3333,363,20,100
platform,3273,443,80,20
platform,3661,336,198,20
trampoline,3447,443,80,20
platform,3878,195,140,20
platform,1119,391,62,20
platform,1266,100,69,20
wall_3d,2627,407,20,82
platform,3134,512,63,20
wall_3d,748,302,20,65
platform,3262,486,90,20
wall_3d,350,553,20,72
wall_3d,1432,475,20,72
platform,1337,529,75,20
platform,835,210,63,20
platform,619,181,72,20
platform,2772,462,98,20
platform,1309,254,91,20
platform,236,520,75,20
platform,1534,391,82,20
platform,3646,351,69,20
wall_3d,249,111,20,119
platform,3282,440,85,20
