ground,0,580,4000,20
start,142,540,40,50
goal,3769,116,80,80
platform,344,500,128,20
wall_3d,243,400,20,100
platform,183,480,80,20
platform,587,371,81,20
wall_3d,465,271,20,100
platform,405,351,80,20
platform,702,500,115,20
slope,702,271,100,100,100,0
platform,802,271,100,20
platform,849,351,103,20
wall_3d,775,251,20,100
platform,715,331,80,20
platform,1076,335,82,20
trampoline,890,331,80,20
platform,1225,482,80,20
trampoline,1103,315,80,20
platform,1326,500,146,20
wall_3d,1275,400,20,100
platform,1215,480,80,20
platform,1455,500,82,20
slope,1408,400,100,100,100,0
platform,1508,400,100,20
platform,1602,500,186,20
wall_3d,1528,400,20,100
platform,1468,480,80,20
platform,1761,442,90,20
platform,1936,334,189,20
slope,1950,342,100,100,100,0
platform,2050,342,100,20
platform,2103,285,103,20
wall_3d,2019,185,20,100
platform,1959,265,80,20
platform,2280,329,117,20
wall_3d,2191,229,20,100
platform,2131,309,80,20
platform,2394,393,186,20
slope,2466,229,100,100,100,0
platform,2566,229,100,20
platform,2616,394,146,20
trampoline,2440,373,80,20
platform,2762,266,120,20
platform,2905,328,102,20
wall_3d,2833,228,20,100
platform,2773,308,80,20
platform,3083,456,200,20
spike,2974,580,20,20
spike,2994,580,20,20
platform,3290,500,113,20
platform,3450,500,116,20
platform,3638,422,151,20
trampoline,3497,480,80,20
platform,849,290,56,20
wall_3d,1666,365,20,107
platform,1845,540,78,20
wall_3d,2114,552,20,75
wall_3d,1760,158,20,100
platform,225,383,93,20
wall_3d,350,472,20,83
platform,498,161,51,20
platform,1336,261,86,20
wall_3d,501,494,20,112
platform,1831,297,56,20
platform,3083,291,62,20
platform,3012,231,87,20
platform,1102,183,62,20
platform,2453,169,72,20
