ground,0,580,4000,20
start,150,540,40,50
goal,3822,490,80,80
platform,310,500,126,20
trampoline,191,520,80,20
platform,433,500,91,20
slope,401,400,100,100,100,0
platform,501,400,100,20
platform,681,500,97,20
spike,517,580,20,20
spike,537,580,20,20
spike,557,580,20,20
spike,577,580,20,20
platform,824,443,127,20
slope,808,400,100,100,100,0
platform,908,400,100,20
platform,1052,412,102,20
platform,1240,476,149,20
platform,1370,500,142,20
platform,1565,500,161,20
platform,1792,381,122,20
slope,1687,400,100,100,100,0
platform,1787,400,100,20
platform,1975,374,105,20
slope,1897,281,100,100,100,0
platform,1997,281,100,20
platform,2092,411,92,20
wall_3d,2033,311,20,100
platform,1973,391,80,20
platform,2211,291,97,20
platform,2430,284,157,20
spike,2300,580,20,20
spike,2320,580,20,20
spike,2340,580,20,20
platform,2572,375,178,20
slope,2608,184,100,100,100,0
platform,2708,184,100,20
platform,2749,457,123,20
platform,2864,500,193,20
slope,2942,357,100,100,100,0
platform,3042,357,100,20
platform,3080,500,103,20
wall_3d,2972,400,20,100
platform,2912,480,80,20
platform,3212,441,198,20
slope,3278,400,100,100,100,0
platform,3378,400,100,20
platform,3425,345,96,20
trampoline,3262,421,80,20
platform,3597,404,88,20
slope,3513,245,100,100,100,0
platform,3613,245,100,20
platform,3735,319,117,20
wall_3d,551,114,20,97
wall_3d,2097,372,20,103
wall_3d,991,368,20,119
platform,2892,455,83,20
platform,2967,274,65,20
wall_3d,739,518,20,51
platform,2359,456,59,20
wall_3d,2002,555,20,87
platform,390,417,75,20
wall_3d,1501,456,20,106
wall_3d,3079,337,20,85
wall_3d,576,113,20,74
platform,2979,478,55,20
wall_3d,3503,122,20,104
wall_3d,3196,548,20,66
platform,631,252,50,20
wall_3d,3736,454,20,103
platform,939,131,72,20
platform,1512,461,90,20
