ground,0,580,4000,20
start,109,540,40,50
goal,3786,468,80,80
platform,331,500,196,20
trampoline,151,520,80,20
platform,487,500,175,20
trampoline,361,480,80,20
platform,668,500,129,20
wall_3d,577,400,20,100
platform,517,480,80,20
platform,866,500,133,20
spike,747,580,20,20
spike,767,580,20,20
spike,787,580,20,20
platform,1099,367,149,20
trampoline,895,480,80,20
platform,1289,326,194,20
slope,1293,267,100,100,100,0
platform,1393,267,100,20
platform,1424,240,153,20
slope,1442,226,100,100,100,0
platform,1542,226,100,20
platform,1558,153,183,20
platform,1768,100,168,20
platform,1896,100,196,20
platform,2019,100,151,20
platform,2246,100,88,20
platform,2486,168,113,20
platform,2653,303,135,20
spike,2549,580,20,20
spike,2569,580,20,20
spike,2589,580,20,20
platform,2817,328,178,20
trampoline,2697,283,80,20
platform,2954,345,84,20
trampoline,2857,308,80,20
platform,3104,407,197,20
wall_3d,3029,307,20,100
platform,2969,387,80,20
platform,3264,500,118,20
wall_3d,3184,400,20,100
platform,3124,480,80,20
platform,3372,431,131,20
platform,3481,434,147,20
platform,3692,408,114,20
slope,3595,334,100,100,100,0
platform,3695,334,100,20
platform,440,131,95,20
wall_3d,2918,278,20,93
platform,1219,239,73,20
platform,1481,340,55,20
wall_3d,490,428,20,73
platform,747,545,55,20
platform,3438,491,74,20
platform,1244,179,71,20
platform,2805,428,60,20
wall_3d,426,488,20,109
platform,1430,261,71,20
platform,884,414,82,20
platform,3481,401,54,20
wall_3d,2961,195,20,94
wall_3d,640,413,20,96
platform,437,261,74,20
platform,1757,364,93,20
