ground,0,580,4000,20
start,176,540,40,50
goal,3812,220,80,80
platform,399,472,87,20
slope,263,440,100,100,100,0
platform,363,440,100,20
platform,600,500,126,20
wall_3d,499,400,20,100
platform,439,480,80,20
platform,708,500,176,20
wall_3d,654,400,20,100
platform,594,480,80,20
platform,900,500,123,20
slope,831,400,100,100,100,0
platform,931,400,100,20
platform,1133,433,102,20
platform,1303,463,196,20
slope,1329,333,100,100,100,0
platform,1429,333,100,20
platform,1544,500,87,20
slope,1390,363,100,100,100,0
platform,1490,363,100,20
platform,1781,500,146,20
platform,1887,500,166,20
platform,2037,500,103,20
platform,2139,500,175,20
slope,2212,400,100,100,100,0
platform,2312,400,100,20
platform,2348,408,82,20
slope,2221,400,100,100,100,0
platform,2321,400,100,20
platform,2557,500,85,20
platform,2762,500,154,20
platform,2893,401,193,20
trampoline,2786,480,80,20
platform,3114,428,191,20
wall_3d,3003,328,20,100
platform,2943,408,80,20
platform,3215,441,194,20
slope,3308,328,100,100,100,0
platform,3408,328,100,20
platform,3364,374,137,20
platform,3470,289,107,20
wall_3d,3417,189,20,100
platform,3357,269,80,20
platform,3681,173,146,20
platform,2982,246,75,20
wall_3d,3045,379,20,56
wall_3d,3444,134,20,85
platform,3051,239,52,20
platform,247,160,90,20
wall_3d,1454,340,20,61
wall_3d,2569,350,20,97
wall_3d,1261,117,20,109
wall_3d,3467,375,20,97
wall_3d,3636,309,20,86
