ground,0,580,4000,20
start,179,540,40,50
goal,3839,157,80,80
platform,349,480,96,20
slope,275,440,100,100,100,0
platform,375,440,100,20
platform,579,500,104,20
wall_3d,464,400,20,100
platform,404,480,80,20
platform,827,500,177,20
spike,683,580,20,20
spike,703,580,20,20
platform,1052,381,84,20
wall_3d,939,281,20,100
platform,879,361,80,20
platform,1208,485,139,20
trampoline,1092,361,80,20
platform,1366,461,184,20
slope,1392,385,100,100,100,0
platform,1492,385,100,20
platform,1565,500,180,20
spike,1425,580,20,20
spike,1445,580,20,20
spike,1465,580,20,20
spike,1485,580,20,20
platform,1717,500,130,20
slope,1695,400,100,100,100,0
platform,1795,400,100,20
platform,1875,500,118,20
wall_3d,1796,400,20,100
platform,1736,480,80,20
platform,2065,500,134,20
slope,2009,400,100,100,100,0
platform,2109,400,100,20
platform,2243,500,149,20
slope,2214,400,100,100,100,0
platform,2314,400,100,20
platform,2455,500,194,20
slope,2437,400,100,100,100,0
platform,2537,400,100,20
platform,2572,500,140,20
wall_3d,2513,400,20,100
platform,2453,480,80,20
platform,2706,495,197,20
trampoline,2594,480,80,20
platform,2942,500,164,20
wall_3d,2824,400,20,100
platform,2764,480,80,20
platform,3079,457,116,20
platform,3185,449,146,20
platform,3331,500,156,20
trampoline,3230,429,80,20
platform,3570,436,147,20
spike,3430,580,20,20
spike,3450,580,20,20
platform,3762,481,144,20
slope,3714,336,100,100,100,0
platform,3814,336,100,20
wall_3d,1823,499,20,81
platform,3615,254,60,20
wall_3d,497,410,20,74
wall_3d,911,347,20,101
platform,2579,407,54,20
platform,530,334,83,20
platform,1812,181,69,20
wall_3d,3476,236,20,108
platform,3738,362,53,20
platform,1377,269,100,20
