ground,0,580,4000,20
start,183,540,40,50
goal,3800,357,80,80
platform,313,452,80,20
trampoline,219,520,80,20
platform,486,500,120,20
platform,648,469,186,20
spike,547,580,20,20
spike,567,580,20,20
platform,855,425,189,20
trampoline,695,449,80,20
platform,982,322,198,20
platform,1110,353,152,20
platform,1293,227,165,20
wall_3d,1201,127,20,100
platform,1141,207,80,20
platform,1527,100,87,20
platform,1728,100,185,20
platform,1873,100,121,20
platform,2040,119,159,20
platform,2260,100,124,20
platform,2395,100,83,20
platform,2572,159,130,20
spike,2463,580,20,20
spike,2483,580,20,20
platform,2754,252,126,20
platform,2950,206,173,20
platform,3105,295,135,20
slope,3085,106,100,100,100,0
platform,3185,106,100,20
platform,3281,360,84,20
platform,3451,277,83,20
wall_3d,3366,177,20,100
platform,3306,257,80,20
platform,3686,208,174,20
platform,3712,382,58,20
wall_3d,3404,322,20,107
wall_3d,3565,157,20,51
wall_3d,3681,517,20,52
platform,1484,346,74,20
wall_3d,2701,374,20,91
platform,2486,112,90,20
wall_3d,1086,552,20,101
platform,3026,205,51,20
platform,2019,291,58,20
wall_3d,1401,257,20,82
wall_3d,3645,498,20,91
platform,338,372,54,20
platform,1659,531,68,20
platform,239,414,79,20
platform,1463,331,83,20
platform,314,133,70,20
wall_3d,771,411,20,76
