ground,0,580,4000,20
start,143,540,40,50
goal,3782,454,80,80
platform,308,446,119,20
slope,262,440,100,100,100,0
platform,362,440,100,20
platform,509,353,161,20
wall_3d,408,253,20,100
platform,348,333,80,20
platform,653,473,126,20
slope,635,253,100,100,100,0
platform,735,253,100,20
platform,808,439,160,20
slope,813,373,100,100,100,0
platform,913,373,100,20
platform,1008,386,86,20
slope,894,339,100,100,100,0
platform,994,339,100,20
platform,1228,368,93,20
spike,1098,580,20,20
spike,1118,580,20,20
spike,1138,580,20,20
platform,1353,368,91,20
trampoline,1250,348,80,20
platform,1529,450,120,20
spike,1401,580,20,20
spike,1421,580,20,20
spike,1441,580,20,20
spike,1461,580,20,20
spike,1481,580,20,20
platform,1760,500,189,20
platform,1952,500,84,20
spike,1836,580,20,20
spike,1856,580,20,20
platform,2070,500,179,20
platform,2274,500,173,20
trampoline,2118,480,80,20
platform,2459,500,199,20
trampoline,2304,480,80,20
platform,2682,500,104,20
slope,2563,400,100,100,100,0
platform,2663,400,100,20
platform,2799,500,103,20
platform,2964,378,152,20
slope,2951,400,100,100,100,0
platform,3051,400,100,20
platform,3204,230,118,20
slope,3082,278,100,100,100,0
platform,3182,278,100,20
platform,3420,128,198,20
platform,3621,100,115,20
spike,3500,580,20,20
spike,3520,580,20,20
spike,3540,580,20,20
platform,993,554,64,20
wall_3d,2213,461,20,93
platform,862,321,81,20
platform,1935,313,62,20
platform,3157,394,85,20
wall_3d,2542,433,20,52
platform,2582,531,94,20
platform,1364,389,63,20
wall_3d,1689,234,20,63
platform,3616,327,97,20
