ground,0,580,4000,20
start,111,540,40,50
goal,3791,375,80,80
platform,270,500,158,20
trampoline,158,520,80,20
platform,463,491,90,20
wall_3d,366,391,20,100
platform,306,471,80,20
platform,617,500,186,20
trampoline,511,471,80,20
platform,821,500,88,20
platform,1043,500,97,20
spike,912,580,20,20
spike,932,580,20,20
spike,952,580,20,20
platform,1185,500,132,20
platform,1406,500,198,20
platform,1560,364,188,20
wall_3d,1483,264,20,100
platform,1423,344,80,20
platform,1737,292,141,20
wall_3d,1648,192,20,100
platform,1588,272,80,20
platform,1887,399,112,20
platform,2137,279,111,20
trampoline,1907,379,80,20
platform,2311,351,187,20
wall_3d,2224,251,20,100
platform,2164,331,80,20
platform,2554,294,174,20
platform,2789,391,110,20
platform,3010,429,189,20
trampoline,2828,371,80,20
platform,3217,493,81,20
spike,3093,580,20,20
spike,3113,580,20,20
spike,3133,580,20,20
platform,3446,428,191,20
platform,3638,421,109,20
wall_3d,3542,321,20,100
platform,3482,401,80,20
platform,3558,119,86,20
platform,1030,123,54,20
wall_3d,1088,285,20,89
wall_3d,2924,257,20,50
platform,3822,257,83,20
wall_3d,2482,395,20,88
wall_3d,2636,109,20,67
wall_3d,3796,407,20,73
platform,2657,393,97,20
wall_3d,2868,297,20,95
wall_3d,2354,469,20,118
wall_3d,843,490,20,55
platform,658,395,69,20
platform,3333,309,88,20
wall_3d,1155,204,20,74
platform,1696,369,51,20
platform,2379,204,60,20
