ground,0,580,4000,20
start,131,540,40,50
goal,3857,142,80,80
platform,244,488,185,20
platform,355,500,191,20
platform,481,429,188,20
platform,612,500,88,20
platform,842,436,155,20
slope,767,400,100,100,100,0
platform,867,400,100,20
platform,972,396,183,20
trampoline,872,416,80,20
platform,1209,473,120,20
trampoline,1009,376,80,20
platform,1354,500,176,20
trampoline,1254,453,80,20
platform,1552,447,132,20
trampoline,1382,480,80,20
platform,1743,311,187,20
platform,1986,218,134,20
spike,1844,580,20,20
spike,1864,580,20,20
spike,1884,580,20,20
platform,2208,368,103,20
wall_3d,2097,268,20,100
platform,2037,348,80,20
platform,2392,311,96,20
wall_3d,2300,211,20,100
platform,2240,291,80,20
platform,2534,387,116,20
wall_3d,2463,287,20,100
platform,2403,367,80,20
platform,2661,493,175,20
trampoline,2567,367,80,20
platform,2765,500,113,20
slope,2774,393,100,100,100,0
platform,2874,393,100,20
platform,2961,351,96,20
trampoline,2813,480,80,20
platform,3083,339,181,20
platform,3234,339,104,20
trampoline,3110,319,80,20
platform,3446,193,178,20
platform,3659,126,181,20
wall_3d,3498,434,20,96
platform,1753,359,83,20
platform,2179,374,75,20
platform,3863,272,84,20
platform,3823,360,100,20
wall_3d,1210,445,20,100
platform,2802,362,80,20
platform,1346,279,98,20
platform,3456,284,51,20
platform,477,363,62,20
wall_3d,3378,125,20,104
platform,941,201,54,20
wall_3d,2931,311,20,94
