ground,0,580,4000,20
start,130,540,40,50
goal,3893,214,80,80
platform,308,471,118,20
platform,491,500,96,20
trampoline,343,451,80,20
platform,712,416,106,20
platform,910,500,92,20
slope,804,316,100,100,100,0
platform,904,316,100,20
platform,1020,500,150,20
wall_3d,965,400,20,100
platform,905,480,80,20
platform,1181,500,164,20
trampoline,1070,480,80,20
platform,1426,500,189,20
platform,1651,500,152,20
trampoline,1465,480,80,20
platform,1896,500,102,20
slope,1753,400,100,100,100,0
platform,1853,400,100,20
platform,2130,500,116,20
slope,2012,400,100,100,100,0
platform,2112,400,100,20
platform,2298,488,188,20
wall_3d,2214,388,20,100
platform,2154,468,80,20
platform,2409,500,160,20
platform,2635,500,191,20
trampoline,2436,480,80,20
platform,2884,456,160,20
trampoline,2673,480,80,20
platform,3082,313,112,20
trampoline,2933,436,80,20
platform,3213,378,193,20
platform,3382,263,181,20
spike,3277,580,20,20
spike,3297,580,20,20
spike,3317,580,20,20
platform,3518,129,180,20
platform,3729,200,100,20
platform,2209,233,94,20
platform,3454,502,83,20
wall_3d,175,494,20,97
wall_3d,1741,256,20,116
platform,1617,130,94,20
wall_3d,2744,472,20,78
platform,3570,343,98,20
platform,1394,391,61,20
platform,2226,236,66,20
wall_3d,1400,546,20,52
platform,952,421,94,20
