ground,0,580,4000,20
start,103,540,40,50
goal,3750,380,80,80
platform,353,500,112,20
trampoline,125,520,80,20
platform,477,500,186,20
slope,539,400,100,100,100,0
platform,639,400,100,20
platform,711,466,190,20
wall_3d,594,366,20,100
platform,534,446,80,20
platform,845,364,174,20
platform,1032,254,187,20
trampoline,876,344,80,20
platform,1238,360,173,20
spike,1115,580,20,20
spike,1135,580,20,20
platform,1479,407,97,20
wall_3d,1358,307,20,100
platform,1298,387,80,20
platform,1695,490,161,20
wall_3d,1587,390,20,100
platform,1527,470,80,20
platform,1941,500,160,20
spike,1778,580,20,20
spike,1798,580,20,20
spike,1818,580,20,20
spike,1838,580,20,20
platform,2042,500,83,20
trampoline,1966,480,80,20
platform,2180,443,116,20
trampoline,2087,480,80,20
platform,2369,394,168,20
trampoline,2230,423,80,20
platform,2550,312,84,20
trampoline,2401,374,80,20
platform,2795,374,168,20
wall_3d,2672,274,20,100
platform,2612,354,80,20
platform,2916,500,108,20
slope,2903,274,100,100,100,0
platform,3003,274,100,20
platform,3100,500,176,20
platform,3324,500,114,20
trampoline,3128,480,80,20
platform,3480,500,164,20
slope,3488,400,100,100,100,0
platform,3588,400,100,20
platform,3613,500,180,20
wall_3d,3546,400,20,100
platform,3486,480,80,20
wall_3d,2928,225,20,67
wall_3d,2842,235,20,66
platform,1753,484,65,20
platform,3368,289,92,20
wall_3d,946,560,20,68
platform,1311,324,63,20
platform,1951,500,95,20
platform,2285,109,52,20
platform,2712,403,56,20
wall_3d,2452,531,20,66
wall_3d,794,107,20,95
wall_3d,2846,498,20,110
platform,1248,192,65,20
platform,2167,551,55,20
platform,3865,246,89,20
platform,2061,206,79,20
platform,3260,543,64,20
platform,258,153,59,20
wall_3d,1002,401,20,73
platform,3581,404,88,20
