ground,0,580,4000,20
start,143,540,40,50
goal,3790,408,80,80
platform,280,500,154,20
platform,441,500,159,20
trampoline,316,480,80,20
platform,653,500,111,20
wall_3d,547,400,20,100
platform,487,480,80,20
platform,788,500,189,20
trampoline,674,480,80,20
platform,929,500,81,20
trampoline,809,480,80,20
platform,1118,436,92,20
platform,1246,338,146,20
trampoline,1140,416,80,20
platform,1429,447,195,20
trampoline,1284,318,80,20
platform,1565,500,187,20
slope,1616,347,100,100,100,0
platform,1716,347,100,20
platform,1813,467,178,20
trampoline,1590,480,80,20
platform,1972,500,188,20
spike,1872,580,20,20
spike,1892,580,20,20
spike,1912,580,20,20
platform,2113,486,137,20
platform,2275,500,120,20
platform,2496,500,134,20
platform,2623,428,110,20
platform,2741,294,164,20
platform,2845,255,92,20
platform,3000,295,151,20
platform,3103,241,114,20
platform,3346,277,81,20
platform,3549,219,164,20
wall_3d,3447,119,20,100
platform,3387,199,80,20
platform,3695,179,114,20
wall_3d,1236,218,20,94
platform,3432,263,75,20
platform,2056,270,99,20
platform,883,292,65,20
platform,3344,161,71,20
wall_3d,2983,507,20,105
platform,1324,542,68,20
wall_3d,2183,234,20,104
platform,1175,438,89,20
wall_3d,3863,288,20,57
wall_3d,1894,210,20,86
wall_3d,1792,301,20,50
platform,1746,330,60,20
platform,2481,551,56,20
platform,1139,469,73,20
wall_3d,2502,269,20,117
wall_3d,499,386,20,76
platform,2763,397,57,20
platform,3685,376,77,20
