ground,0,580,4000,20
start,189,540,40,50
goal,3744,311,80,80
platform,326,500,93,20
trampoline,225,520,80,20
platform,476,500,108,20
trampoline,368,480,80,20
platform,648,385,137,20
spike,522,580,20,20
spike,542,580,20,20
spike,562,580,20,20
spike,582,580,20,20
platform,806,335,138,20
platform,995,236,88,20
slope,894,235,100,100,100,0
platform,994,235,100,20
platform,1139,336,128,20
platform,1313,278,175,20
trampoline,1177,316,80,20
platform,1533,387,153,20
platform,1700,289,180,20
trampoline,1558,367,80,20
platform,1902,154,90,20
platform,2068,267,86,20
platform,2302,266,96,20
wall_3d,2185,166,20,100
platform,2125,246,80,20
platform,2508,251,96,20
platform,2637,339,117,20
slope,2625,151,100,100,100,0
platform,2725,151,100,20
platform,2855,340,175,20
trampoline,2663,319,80,20
platform,3075,246,186,20
platform,3201,281,157,20
platform,3387,254,80,20
platform,3555,371,141,20
spike,3451,580,20,20
spike,3471,580,20,20
platform,903,263,51,20
platform,2588,460,85,20
platform,1531,237,87,20
wall_3d,1845,293,20,76
wall_3d,2146,533,20,57
platform,707,530,87,20
wall_3d,548,186,20,61
platform,205,286,98,20
platform,1512,312,51,20
wall_3d,3595,325,20,83
platform,2663,525,88,20
platform,3470,234,96,20
platform,2581,256,74,20
