ground,0,580,4000,20
start,199,540,40,50
goal,3738,428,80,80
platform,367,500,103,20
wall_3d,283,400,20,100
platform,223,480,80,20
platform,586,360,101,20
trampoline,391,480,80,20
platform,788,268,177,20
wall_3d,687,168,20,100
platform,627,248,80,20
platform,904,132,160,20
platform,1103,253,132,20
spike,983,580,20,20
spike,1003,580,20,20
platform,1272,239,132,20
wall_3d,1187,139,20,100
platform,1127,219,80,20
platform,1421,114,98,20
platform,1572,134,196,20
platform,1702,100,93,20
platform,1894,100,94,20
platform,2113,100,171,20
platform,2320,100,155,20
platform,2457,155,163,20
platform,2576,280,123,20
platform,2801,154,117,20
platform,2977,145,161,20
platform,3109,112,188,20
platform,3261,100,90,20
platform,3388,100,134,20
platform,3555,186,126,20
wall_3d,2633,130,20,77
wall_3d,2455,402,20,108
wall_3d,979,189,20,96
wall_3d,3728,122,20,79
wall_3d,3533,302,20,105
wall_3d,356,322,20,107
platform,3077,528,61,20
platform,3183,107,52,20
platform,1397,377,76,20
platform,361,277,54,20
wall_3d,1856,261,20,96
platform,3834,281,83,20
platform,1612,427,69,20
platform,2910,295,76,20
wall_3d,3009,259,20,78
wall_3d,1920,445,20,103
platform,2116,549,61,20
platform,2753,311,63,20
wall_3d,3754,183,20,64
