ground,0,580,2048,20
start,109,540,40,50
goal,1831,502,80,80
platform,1043,491,86,20
platform,1079,115,100,20
platform,1391,554,126,20
platform,1774,534,136,20
platform,198,116,115,20
platform,785,227,145,20
platform,937,230,136,20
platform,1410,117,142,20
platform,1151,414,143,20
platform,1323,418,112,20
platform,876,271,150,20
platform,1975,179,93,20
platform,488,313,130,20
platform,1548,242,90,20
platform,149,422,82,20
platform,712,360,112,20
platform,829,416,106,20
platform,333,503,94,20
platform,1015,147,115,20
platform,1282,185,86,20
platform,732,143,114,20
platform,1170,426,103,20
platform,875,272,94,20
platform,1423,323,107,20
platform,1389,238,137,20
platform,861,229,143,20
platform,163,142,126,20
platform,600,393,92,20
platform,221,167,80,20
wall_3d,585,441,20,78
wall_3d,405,466,20,75
wall_3d,1130,331,20,85
wall_3d,171,248,20,149
wall_3d,1233,461,20,58
wall_3d,126,363,20,61
wall_3d,1528,104,20,123
trampoline,810,425,80,20
trampoline,894,206,80,20
trampoline,1938,538,80,20
trampoline,658,204,80,20
trampoline,1627,278,80,20
