ground,0,580,2048,20
start,126,540,40,50
goal,1885,479,80,80
platform,289,191,137,20
platform,1135,285,122,20
platform,1790,514,135,20
platform,625,181,94,20
platform,1564,400,86,20
platform,711,153,130,20
platform,961,237,137,20
platform,846,142,107,20
platform,555,411,149,20
platform,1314,181,108,20
platform,1986,270,100,20
platform,1131,158,107,20
platform,250,348,110,20
platform,233,488,109,20
platform,817,535,149,20
platform,1347,557,106,20
platform,392,145,93,20
platform,1360,456,145,20
platform,1758,344,93,20
platform,189,541,95,20
wall_3d,409,342,20,124
wall_3d,1771,349,20,58
wall_3d,410,387,20,146
wall_3d,1658,434,20,122
wall_3d,314,263,20,134
wall_3d,201,314,20,138
wall_3d,1711,257,20,103
wall_3d,1437,321,20,50
wall_3d,340,346,20,148
wall_3d,1648,320,20,77
wall_3d,756,293,20,81
wall_3d,1577,160,20,77
wall_3d,1205,183,20,51
wall_3d,763,318,20,62
trampoline,321,259,80,20
trampoline,597,315,80,20
trampoline,258,225,80,20
