ground,0,580,4000,20
start,115,540,40,50
goal,3854,286,80,80
platform,348,500,120,20
slope,235,440,100,100,100,0
platform,335,440,100,20
platform,478,500,120,20
platform,627,500,160,20
platform,740,500,137,20
wall_3d,683,400,20,100
platform,623,480,80,20
platform,935,500,110,20
wall_3d,837,400,20,100
platform,777,480,80,20
platform,1147,356,136,20
wall_3d,1041,256,20,100
platform,981,336,80,20
platform,1259,389,99,20
platform,1469,368,191,20
platform,1597,309,106,20
platform,1813,288,144,20
wall_3d,1705,188,20,100
platform,1645,268,80,20
platform,1927,188,183,20
platform,2052,260,118,20
platform,2239,146,113,20
platform,2473,100,187,20
platform,2691,100,109,20
platform,2844,100,86,20
platform,3034,100,96,20
platform,3264,100,113,20
platform,3490,100,123,20
spike,3357,580,20,20
spike,3377,580,20,20
platform,3740,100,165,20
platform,1448,307,59,20
platform,321,318,60,20
wall_3d,2072,395,20,55
platform,172,133,96,20
wall_3d,3336,372,20,78
platform,3038,133,100,20
platform,1186,168,78,20
platform,829,269,95,20
platform,1062,270,81,20
platform,3783,408,88,20
platform,1449,498,61,20
platform,1406,209,81,20
wall_3d,2386,128,20,119
platform,3417,292,80,20
