ground,0,580,4000,20
start,111,540,40,50
goal,3810,417,80,80
platform,217,500,167,20
trampoline,147,520,80,20
platform,445,443,175,20
trampoline,245,480,80,20
platform,643,313,124,20
wall_3d,544,213,20,100
platform,484,293,80,20
platform,786,302,200,20
platform,1012,327,144,20
platform,1217,388,80,20
trampoline,1033,307,80,20
platform,1440,500,140,20
spike,1308,580,20,20
spike,1328,580,20,20
platform,1632,435,124,20
trampoline,1490,480,80,20
platform,1799,394,143,20
platform,1970,316,188,20
platform,2094,357,104,20
slope,2074,216,100,100,100,0
platform,2174,216,100,20
platform,2241,442,172,20
trampoline,2117,337,80,20
platform,2438,500,108,20
platform,2634,500,126,20
wall_3d,2536,400,20,100
platform,2476,480,80,20
platform,2845,366,178,20
trampoline,2678,480,80,20
platform,3026,318,180,20
spike,2895,580,20,20
spike,2915,580,20,20
spike,2935,580,20,20
spike,2955,580,20,20
spike,2975,580,20,20
platform,3180,313,89,20
platform,3383,188,97,20
slope,3277,213,100,100,100,0
platform,3377,213,100,20
platform,3601,277,160,20
platform,3821,150,133,20
wall_3d,1654,393,20,95
platform,2354,406,62,20
platform,699,368,94,20
platform,3365,545,72,20
platform,836,539,75,20
wall_3d,2392,493,20,102
platform,1458,200,59,20
platform,637,219,80,20
platform,3118,450,56,20
platform,396,142,83,20
platform,2971,373,98,20
wall_3d,498,173,20,75
platform,1733,448,61,20
wall_3d,496,383,20,110
platform,3727,256,53,20
platform,2259,464,76,20
platform,3720,332,84,20
wall_3d,606,358,20,68
