ground,0,580,4000,20
start,191,540,40,50
goal,3765,426,80,80
platform,300,500,178,20
wall_3d,245,400,20,100
platform,185,480,80,20
platform,403,500,195,20
wall_3d,351,400,20,100
platform,291,480,80,20
platform,517,457,147,20
platform,640,438,87,20
wall_3d,578,338,20,100
platform,518,418,80,20
platform,845,417,102,20
trampoline,682,418,80,20
platform,992,458,155,20
trampoline,883,397,80,20
platform,1195,500,162,20
slope,1154,358,100,100,100,0
platform,1254,358,100,20
platform,1428,484,107,20
platform,1627,412,172,20
platform,1798,293,178,20
wall_3d,1712,193,20,100
platform,1652,273,80,20
platform,2011,391,158,20
platform,2158,500,187,20
slope,2198,291,100,100,100,0
platform,2298,291,100,20
platform,2372,499,135,20
trampoline,2190,480,80,20
platform,2544,500,187,20
wall_3d,2458,400,20,100
platform,2398,480,80,20
platform,2730,500,96,20
spike,2617,580,20,20
spike,2637,580,20,20
spike,2657,580,20,20
platform,2880,429,85,20
trampoline,2772,480,80,20
platform,3049,500,127,20
slope,3007,329,100,100,100,0
platform,3107,329,100,20
platform,3259,486,80,20
trampoline,3090,480,80,20
platform,3402,350,156,20
trampoline,3308,466,80,20
platform,3611,396,128,20
wall_3d,3506,296,20,100
platform,3446,376,80,20
wall_3d,1163,390,20,119
wall_3d,2034,380,20,69
platform,740,170,94,20
wall_3d,1981,369,20,119
wall_3d,1208,262,20,73
platform,2625,405,91,20
platform,2944,402,71,20
wall_3d,3111,480,20,117
wall_3d,3566,266,20,53
platform,1226,220,55,20
wall_3d,3598,446,20,87
wall_3d,2299,465,20,70
wall_3d,3321,434,20,101
wall_3d,2076,436,20,71
platform,2446,483,71,20
platform,2270,179,100,20
platform,3133,537,73,20
wall_3d,2976,383,20,102
platform,1375,338,52,20
