ground,0,580,4000,20
start,139,540,40,50
goal,3710,392,80,80
platform,259,500,170,20
platform,379,500,140,20
platform,583,500,103,20
platform,766,498,187,20
wall_3d,674,398,20,100
platform,614,478,80,20
platform,910,500,172,20
trampoline,816,478,80,20
platform,1113,500,106,20
slope,1016,400,100,100,100,0
platform,1116,400,100,20
platform,1237,421,110,20
platform,1406,500,144,20
trampoline,1257,401,80,20
platform,1573,500,119,20
platform,1799,499,184,20
wall_3d,1686,399,20,100
platform,1626,479,80,20
platform,2011,479,154,20
platform,2231,447,174,20
trampoline,2056,459,80,20
platform,2436,500,172,20
spike,2313,580,20,20
spike,2333,580,20,20
platform,2596,355,163,20
wall_3d,2516,255,20,100
platform,2456,335,80,20
platform,2840,248,80,20
slope,2676,255,100,100,100,0
platform,2776,255,100,20
platform,3007,257,89,20
platform,3234,194,161,20
platform,3350,100,107,20
platform,3505,157,114,20
platform,3651,241,140,20
wall_3d,1280,460,20,72
platform,1485,425,50,20
platform,2507,249,87,20
platform,430,157,55,20
wall_3d,3860,366,20,58
platform,3147,204,94,20
platform,1924,129,50,20
wall_3d,2765,295,20,69
wall_3d,1044,423,20,73
platform,1053,426,59,20
platform,3368,540,81,20
platform,755,553,81,20
platform,2503,184,57,20
wall_3d,1183,555,20,73
platform,916,109,83,20
wall_3d,3366,504,20,110
wall_3d,1241,365,20,95
wall_3d,126,545,20,97
wall_3d,3220,460,20,78
