ground,0,580,4000,20
start,133,540,40,50
goal,3702,133,80,80
platform,266,442,113,20
trampoline,180,520,80,20
platform,389,375,128,20
trampoline,316,422,80,20
platform,527,299,128,20
trampoline,420,355,80,20
platform,760,387,85,20
platform,940,438,151,20
slope,911,287,100,100,100,0
platform,1011,287,100,20
platform,1188,413,86,20
slope,1026,338,100,100,100,0
platform,1126,338,100,20
platform,1426,297,117,20
wall_3d,1307,197,20,100
platform,1247,277,80,20
platform,1627,340,110,20
platform,1866,368,87,20
spike,1726,580,20,20
spike,1746,580,20,20
spike,1766,580,20,20
platform,2112,379,200,20
trampoline,1894,348,80,20
platform,2285,384,134,20
platform,2487,342,123,20
platform,2661,397,97,20
platform,2767,500,125,20
platform,3010,500,120,20
slope,2887,400,100,100,100,0
platform,2987,400,100,20
platform,3184,500,107,20
wall_3d,3097,400,20,100
platform,3037,480,80,20
platform,3396,500,83,20
wall_3d,3290,400,20,100
platform,3230,480,80,20
platform,3610,500,190,20
trampoline,3422,480,80,20
wall_3d,2709,364,20,58
wall_3d,1091,478,20,113
platform,2360,520,100,20
platform,3598,454,54,20
platform,3498,333,61,20
platform,3768,114,71,20
wall_3d,1158,167,20,97
platform,640,534,84,20
platform,2293,154,85,20
platform,3257,389,85,20
wall_3d,3813,446,20,101
wall_3d,3733,289,20,52
platform,3119,396,78,20
platform,860,197,82,20
wall_3d,517,100,20,118
platform,1914,224,68,20
platform,284,292,52,20
