ground,0,580,4000,20
start,165,540,40,50
goal,3781,148,80,80
platform,305,429,120,20
slope,285,440,100,100,100,0
platform,385,440,100,20
platform,532,421,137,20
slope,442,329,100,100,100,0
platform,542,329,100,20
platform,703,500,173,20
trampoline,577,401,80,20
platform,815,500,170,20
platform,1032,500,180,20
platform,1174,366,190,20
trampoline,1053,480,80,20
platform,1368,241,169,20
slope,1343,266,100,100,100,0
platform,1443,266,100,20
platform,1547,268,87,20
platform,1727,417,106,20
slope,1653,168,100,100,100,0
platform,1753,168,100,20
platform,1838,500,121,20
platform,2068,500,107,20
wall_3d,1953,400,20,100
platform,1893,480,80,20
platform,2273,500,125,20
platform,2401,500,114,20
slope,2387,400,100,100,100,0
platform,2487,400,100,20
platform,2511,500,163,20
wall_3d,2456,400,20,100
platform,2396,480,80,20
platform,2681,455,186,20
wall_3d,2596,355,20,100
platform,2536,435,80,20
platform,2816,417,192,20
slope,2873,355,100,100,100,0
platform,2973,355,100,20
platform,2979,327,97,20
platform,3158,435,91,20
trampoline,3005,307,80,20
platform,3328,500,130,20
slope,3288,335,100,100,100,0
platform,3388,335,100,20
platform,3519,476,188,20
platform,3719,500,178,20
spike,3599,580,20,20
spike,3619,580,20,20
spike,3639,580,20,20
platform,406,500,68,20
wall_3d,1200,406,20,110
platform,3882,542,97,20
wall_3d,891,491,20,95
wall_3d,912,108,20,103
wall_3d,2629,294,20,103
wall_3d,1981,477,20,89
platform,642,229,78,20
platform,3027,531,65,20
platform,861,433,50,20
wall_3d,3296,454,20,86
platform,2392,345,82,20
platform,3112,547,52,20
platform,772,438,63,20
