ground,0,580,4000,20
start,176,540,40,50
goal,3894,388,80,80
platform,281,500,95,20
wall_3d,228,400,20,100
platform,168,480,80,20
platform,434,482,100,20
trampoline,320,480,80,20
platform,590,408,197,20
trampoline,470,462,80,20
platform,773,349,117,20
wall_3d,681,249,20,100
platform,621,329,80,20
platform,992,362,147,20
trampoline,813,329,80,20
platform,1135,232,159,20
platform,1269,306,122,20
wall_3d,1202,206,20,100
platform,1142,286,80,20
platform,1404,284,192,20
slope,1461,206,100,100,100,0
platform,1561,206,100,20
platform,1635,175,200,20
slope,1604,184,100,100,100,0
platform,1704,184,100,20
platform,1822,111,152,20
platform,1984,100,164,20
platform,2190,214,169,20
platform,2342,291,157,20
wall_3d,2266,191,20,100
platform,2206,271,80,20
platform,2476,262,124,20
slope,2466,191,100,100,100,0
platform,2566,191,100,20
platform,2676,186,194,20
platform,2869,100,139,20
platform,3058,152,195,20
platform,3260,191,135,20
platform,3460,100,112,20
platform,3574,100,172,20
platform,3755,100,120,20
wall_3d,2285,501,20,101
platform,2398,418,62,20
wall_3d,1101,412,20,70
platform,3643,268,93,20
platform,2703,116,58,20
platform,1873,200,61,20
platform,3322,550,89,20
platform,1187,223,94,20
wall_3d,2190,420,20,115
platform,875,283,58,20
