ground,0,580,4000,20
start,182,540,40,50
goal,3896,301,80,80
platform,426,409,130,20
slope,312,440,100,100,100,0
platform,412,440,100,20
platform,580,463,162,20
slope,588,309,100,100,100,0
platform,688,309,100,20
platform,757,396,153,20
wall_3d,668,296,20,100
platform,608,376,80,20
platform,889,465,99,20
platform,1136,500,186,20
spike,992,580,20,20
spike,1012,580,20,20
platform,1314,472,105,20
platform,1533,460,136,20
slope,1450,372,100,100,100,0
platform,1550,372,100,20
platform,1729,343,103,20
platform,1848,333,115,20
wall_3d,1788,233,20,100
platform,1728,313,80,20
platform,2053,351,157,20
spike,1930,580,20,20
spike,1950,580,20,20
spike,1970,580,20,20
platform,2249,420,142,20
slope,2195,251,100,100,100,0
platform,2295,251,100,20
platform,2429,497,171,20
slope,2420,320,100,100,100,0
platform,2520,320,100,20
platform,2556,482,175,20
slope,2604,397,100,100,100,0
platform,2704,397,100,20
platform,2666,500,195,20
platform,2883,500,116,20
wall_3d,2774,400,20,100
platform,2714,480,80,20
platform,3036,500,175,20
spike,2939,580,20,20
spike,2959,580,20,20
platform,3263,500,89,20
trampoline,3061,480,80,20
platform,3456,483,153,20
wall_3d,3359,383,20,100
platform,3299,463,80,20
platform,3702,500,115,20
slope,3571,383,100,100,100,0
platform,3671,383,100,20
platform,2074,334,70,20
platform,2847,475,51,20
wall_3d,3233,349,20,65
platform,1251,159,100,20
wall_3d,1835,299,20,96
platform,1812,235,52,20
platform,3365,439,52,20
platform,3884,273,82,20
platform,3718,373,87,20
wall_3d,3287,359,20,105
wall_3d,2371,215,20,94
wall_3d,3848,495,20,111
wall_3d,3710,412,20,111
wall_3d,2893,108,20,96
