ground,0,580,4000,20
start,151,540,40,50
goal,3714,168,80,80
platform,327,500,81,20
wall_3d,239,400,20,100
platform,179,480,80,20
platform,466,500,181,20
trampoline,370,480,80,20
platform,613,500,175,20
slope,641,400,100,100,100,0
platform,741,400,100,20
platform,784,484,132,20
trampoline,651,480,80,20
platform,947,500,195,20
wall_3d,865,400,20,100
platform,805,480,80,20
platform,1142,391,98,20
wall_3d,1044,291,20,100
platform,984,371,80,20
platform,1372,283,114,20
slope,1256,291,100,100,100,0
platform,1356,291,100,20
platform,1566,432,93,20
platform,1696,500,197,20
platform,1935,473,184,20
trampoline,1726,480,80,20
platform,2172,376,185,20
wall_3d,2053,276,20,100
platform,1993,356,80,20
platform,2399,230,147,20
platform,2512,130,133,20
platform,2678,100,90,20
platform,2895,241,192,20
platform,3098,360,83,20
spike,2976,580,20,20
spike,2996,580,20,20
platform,3270,435,104,20
slope,3202,260,100,100,100,0
platform,3302,260,100,20
platform,3496,500,119,20
wall_3d,3383,400,20,100
platform,3323,480,80,20
platform,3728,500,163,20
trampoline,3543,480,80,20
platform,3301,409,69,20
platform,2378,449,85,20
wall_3d,2168,408,20,77
wall_3d,2863,447,20,107
platform,664,408,82,20
platform,879,119,81,20
platform,3782,347,83,20
platform,1919,369,77,20
platform,2870,216,74,20
wall_3d,2773,261,20,97
