ground,0,580,4000,20
start,158,540,40,50
goal,3769,355,80,80
platform,377,464,143,20
slope,301,440,100,100,100,0
platform,401,440,100,20
platform,523,413,143,20
platform,654,361,135,20
wall_3d,588,261,20,100
platform,528,341,80,20
platform,758,432,136,20
slope,790,261,100,100,100,0
platform,890,261,100,20
platform,1005,424,132,20
slope,890,332,100,100,100,0
platform,990,332,100,20
platform,1190,393,184,20
wall_3d,1097,293,20,100
platform,1037,373,80,20
platform,1376,500,200,20
platform,1511,366,166,20
wall_3d,1443,266,20,100
platform,1383,346,80,20
platform,1755,332,156,20
slope,1667,266,100,100,100,0
platform,1767,266,100,20
platform,1943,237,87,20
platform,2143,372,138,20
platform,2388,455,162,20
slope,2305,272,100,100,100,0
platform,2405,272,100,20
platform,2516,500,148,20
platform,2672,500,194,20
slope,2710,400,100,100,100,0
platform,2810,400,100,20
platform,2881,500,135,20
trampoline,2693,480,80,20
platform,3037,500,142,20
slope,3023,400,100,100,100,0
platform,3123,400,100,20
platform,3170,500,161,20
platform,3379,500,190,20
slope,3360,400,100,100,100,0
platform,3460,400,100,20
platform,3589,484,82,20
spike,3464,580,20,20
spike,3484,580,20,20
platform,2118,522,70,20
platform,2433,519,100,20
wall_3d,3824,307,20,55
platform,836,404,57,20
platform,1979,545,67,20
wall_3d,3613,253,20,76
platform,1597,280,58,20
wall_3d,1052,554,20,57
wall_3d,3490,360,20,96
platform,893,238,100,20
platform,2824,350,96,20
platform,3660,253,72,20
wall_3d,3616,155,20,100
platform,1562,104,100,20
wall_3d,3747,514,20,114
platform,416,340,55,20
platform,1509,359,86,20
