ground,0,580,4000,20
start,100,540,40,50
goal,3860,488,80,80
platform,305,400,91,20
spike,182,580,20,20
spike,202,580,20,20
spike,222,580,20,20
platform,466,384,93,20
slope,398,300,100,100,100,0
platform,498,300,100,20
platform,658,380,157,20
platform,766,500,103,20
trampoline,697,360,80,20
platform,933,500,181,20
platform,1070,500,143,20
slope,1076,400,100,100,100,0
platform,1176,400,100,20
platform,1213,440,184,20
platform,1381,500,181,20
trampoline,1246,420,80,20
platform,1570,413,85,20
trampoline,1412,480,80,20
platform,1770,401,98,20
spike,1630,580,20,20
spike,1650,580,20,20
spike,1670,580,20,20
spike,1690,580,20,20
platform,1900,411,178,20
trampoline,1798,381,80,20
platform,2119,434,97,20
trampoline,1937,391,80,20
platform,2324,311,95,20
platform,2495,214,99,20
trampoline,2372,291,80,20
platform,2655,275,87,20
platform,2762,350,103,20
platform,2935,205,127,20
trampoline,2793,330,80,20
platform,3131,148,130,20
platform,3268,271,199,20
platform,3399,296,109,20
wall_3d,3333,196,20,100
platform,3273,276,80,20
platform,3635,174,179,20
platform,3773,100,178,20
platform,2575,319,69,20
platform,3530,127,58,20
platform,3479,510,52,20
wall_3d,1272,331,20,104
platform,3334,403,60,20
platform,1657,200,62,20
platform,745,296,74,20
wall_3d,2114,440,20,89
platform,1796,466,78,20
platform,1306,164,50,20
platform,3737,312,59,20
wall_3d,1628,102,20,99
wall_3d,1509,426,20,72
