ground,0,580,4000,20
start,186,540,40,50
goal,3787,166,80,80
platform,387,500,145,20
slope,331,440,100,100,100,0
platform,431,440,100,20
platform,564,375,82,20
slope,469,400,100,100,100,0
platform,569,400,100,20
platform,793,500,117,20
trampoline,596,355,80,20
platform,941,376,167,20
platform,1066,452,131,20
platform,1247,318,84,20
trampoline,1086,432,80,20
platform,1418,325,186,20
wall_3d,1332,225,20,100
platform,1272,305,80,20
platform,1602,342,95,20
slope,1513,225,100,100,100,0
platform,1613,225,100,20
platform,1814,460,97,20
spike,1688,580,20,20
spike,1708,580,20,20
spike,1728,580,20,20
platform,1920,412,138,20
platform,2169,413,173,20
wall_3d,2044,313,20,100
platform,1984,393,80,20
platform,2390,333,153,20
slope,2322,313,100,100,100,0
platform,2422,313,100,20
platform,2634,254,186,20
slope,2576,233,100,100,100,0
platform,2676,233,100,20
platform,2762,180,89,20
slope,2723,154,100,100,100,0
platform,2823,154,100,20
platform,2976,100,101,20
platform,3092,215,140,20
platform,3268,100,84,20
platform,3396,179,119,20
platform,3593,130,164,20
platform,3069,507,58,20
wall_3d,2252,478,20,55
platform,501,545,77,20
platform,666,241,58,20
wall_3d,947,425,20,105
platform,3341,354,54,20
wall_3d,3778,402,20,85
wall_3d,785,517,20,84
wall_3d,1502,113,20,90
wall_3d,3153,164,20,58
platform,3630,347,86,20
wall_3d,1161,379,20,91
platform,1224,391,97,20
wall_3d,303,225,20,54
