ground,0,580,4000,20
start,142,540,40,50
goal,3850,143,80,80
platform,286,411,172,20
trampoline,162,520,80,20
platform,398,482,191,20
trampoline,312,391,80,20
platform,574,496,183,20
trampoline,425,462,80,20
platform,685,500,143,20
wall_3d,629,400,20,100
platform,569,480,80,20
platform,929,379,101,20
wall_3d,807,279,20,100
platform,747,359,80,20
platform,1117,278,195,20
slope,1124,279,100,100,100,0
platform,1224,279,100,20
platform,1275,285,96,20
platform,1498,413,132,20
platform,1722,465,143,20
platform,1893,317,157,20
slope,1879,365,100,100,100,0
platform,1979,365,100,20
platform,2030,186,169,20
trampoline,1917,297,80,20
platform,2199,166,130,20
platform,2344,100,128,20
platform,2459,219,98,20
platform,2669,348,99,20
platform,2888,478,199,20
trampoline,2697,328,80,20
platform,3032,475,175,20
wall_3d,2960,375,20,100
platform,2900,455,80,20
platform,3176,457,180,20
trampoline,3070,455,80,20
platform,3406,465,179,20
spike,3251,580,20,20
spike,3271,580,20,20
spike,3291,580,20,20
spike,3311,580,20,20
spike,3331,580,20,20
platform,3587,424,136,20
wall_3d,3496,324,20,100
platform,3436,404,80,20
platform,3816,460,188,20
wall_3d,3701,360,20,100
platform,3641,440,80,20
wall_3d,485,528,20,117
platform,1514,237,94,20
platform,919,472,86,20
platform,1606,353,71,20
platform,3682,313,69,20
wall_3d,1196,252,20,64
wall_3d,3750,376,20,64
platform,1167,204,74,20
platform,3792,543,56,20
platform,2800,243,92,20
wall_3d,2106,348,20,75
wall_3d,2393,540,20,50
platform,1180,176,52,20
wall_3d,2691,316,20,92
platform,3599,289,57,20
platform,1600,342,62,20
wall_3d,2293,482,20,86
wall_3d,2062,174,20,82
