ground,0,580,4000,20
start,181,540,40,50
goal,3798,223,80,80
platform,336,500,98,20
wall_3d,258,400,20,100
platform,198,480,80,20
platform,457,470,97,20
platform,584,500,116,20
trampoline,486,450,80,20
platform,832,463,193,20
spike,688,580,20,20
spike,708,580,20,20
platform,942,412,192,20
platform,1127,283,86,20
platform,1242,230,158,20
wall_3d,1184,130,20,100
platform,1124,210,80,20
platform,1412,272,143,20
wall_3d,1327,172,20,100
platform,1267,252,80,20
platform,1603,393,109,20
slope,1521,172,100,100,100,0
platform,1621,172,100,20
platform,1767,321,168,20
slope,1771,293,100,100,100,0
platform,1871,293,100,20
platform,2001,399,153,20
slope,1920,221,100,100,100,0
platform,2020,221,100,20
platform,2184,399,175,20
spike,2052,580,20,20
spike,2072,580,20,20
spike,2092,580,20,20
spike,2112,580,20,20
platform,2288,298,82,20
trampoline,2218,379,80,20
platform,2412,348,138,20
platform,2548,438,91,20
slope,2503,248,100,100,100,0
platform,2603,248,100,20
platform,2744,383,187,20
slope,2735,338,100,100,100,0
platform,2835,338,100,20
platform,2854,337,140,20
slope,2884,283,100,100,100,0
platform,2984,283,100,20
platform,3050,302,118,20
slope,2972,237,100,100,100,0
platform,3072,237,100,20
platform,3252,271,176,20
slope,3226,202,100,100,100,0
platform,3326,202,100,20
platform,3475,127,133,20
platform,3583,100,88,20
platform,3686,243,112,20
wall_3d,3634,143,20,100
platform,3574,223,80,20
platform,1522,368,63,20
wall_3d,2471,435,20,101
wall_3d,3663,179,20,112
wall_3d,1452,536,20,76
wall_3d,192,105,20,105
platform,856,125,70,20
platform,2587,308,81,20
wall_3d,1820,397,20,110
wall_3d,2068,397,20,104
wall_3d,3180,307,20,84
