ground,0,580,4000,20
start,105,540,40,50
goal,3713,380,80,80
platform,343,491,116,20
trampoline,154,520,80,20
platform,526,410,145,20
platform,773,336,174,20
trampoline,560,390,80,20
platform,934,367,142,20
platform,1152,258,138,20
wall_3d,1043,158,20,100
platform,983,238,80,20
platform,1316,213,124,20
spike,1214,580,20,20
spike,1234,580,20,20
spike,1254,580,20,20
platform,1480,296,177,20
slope,1493,113,100,100,100,0
platform,1593,113,100,20
platform,1713,245,188,20
platform,1823,233,167,20
platform,2028,284,162,20
platform,2129,303,148,20
platform,2234,437,167,20
wall_3d,2181,337,20,100
platform,2121,417,80,20
platform,2383,500,101,20
platform,2570,457,184,20
trampoline,2421,480,80,20
platform,2813,500,153,20
wall_3d,2691,400,20,100
platform,2631,480,80,20
platform,2998,408,110,20
slope,2923,400,100,100,100,0
platform,3023,400,100,20
platform,3241,372,143,20
platform,3377,341,147,20
wall_3d,3309,241,20,100
platform,3249,321,80,20
platform,3603,387,99,20
trampoline,3410,321,80,20
platform,1374,513,59,20
platform,3103,489,60,20
platform,3589,444,68,20
platform,3078,389,53,20
platform,3105,287,76,20
platform,2377,352,96,20
wall_3d,307,388,20,82
platform,453,291,59,20
wall_3d,3811,475,20,103
platform,290,422,86,20
platform,1168,531,93,20
platform,1964,122,68,20
platform,3128,559,73,20
wall_3d,1263,227,20,106
platform,2210,168,71,20
wall_3d,1245,368,20,115
wall_3d,2695,486,20,101
