ground,0,580,4000,20
start,190,540,40,50
goal,3861,369,80,80
platform,419,498,91,20
slope,281,440,100,100,100,0
platform,381,440,100,20
platform,661,500,81,20
spike,520,580,20,20
spike,540,580,20,20
platform,841,368,108,20
platform,1061,397,198,20
wall_3d,951,297,20,100
platform,891,377,80,20
platform,1197,326,124,20
platform,1321,449,115,20
slope,1312,226,100,100,100,0
platform,1412,226,100,20
platform,1497,413,187,20
platform,1639,383,134,20
trampoline,1529,393,80,20
platform,1875,326,157,20
trampoline,1684,363,80,20
platform,2006,248,89,20
slope,1964,226,100,100,100,0
platform,2064,226,100,20
platform,2162,147,196,20
platform,2345,100,110,20
platform,2451,100,142,20
platform,2657,237,180,20
platform,2861,151,110,20
platform,3045,289,142,20
platform,3200,323,164,20
slope,3209,189,100,100,100,0
platform,3309,189,100,20
platform,3447,363,144,20
slope,3344,223,100,100,100,0
platform,3444,223,100,20
platform,3659,347,138,20
trampoline,3468,343,80,20
platform,3796,222,128,20
slope,3787,247,100,100,100,0
platform,3887,247,100,20
platform,1431,547,66,20
platform,1192,364,66,20
platform,2227,305,51,20
wall_3d,983,406,20,99
platform,2230,120,85,20
platform,3416,169,98,20
platform,3562,557,68,20
wall_3d,1004,514,20,98
platform,3170,173,79,20
platform,2560,475,77,20
platform,3193,445,91,20
wall_3d,2164,559,20,80
wall_3d,3801,550,20,85
