ground,0,580,4000,20
start,104,540,40,50
goal,3880,274,80,80
platform,285,500,113,20
platform,474,500,120,20
slope,405,400,100,100,100,0
platform,505,400,100,20
platform,701,436,86,20
platform,949,430,178,20
wall_3d,825,330,20,100
platform,765,410,80,20
platform,1162,425,116,20
spike,1015,580,20,20
spike,1035,580,20,20
spike,1055,580,20,20
spike,1075,580,20,20
platform,1276,403,93,20
platform,1376,261,97,20
platform,1609,388,101,20
spike,1472,580,20,20
spike,1492,580,20,20
platform,1736,367,107,20
slope,1716,288,100,100,100,0
platform,1816,288,100,20
platform,1919,391,117,20
slope,1853,267,100,100,100,0
platform,1953,267,100,20
platform,2146,329,119,20
slope,2038,291,100,100,100,0
platform,2138,291,100,20
platform,2323,301,111,20
slope,2257,229,100,100,100,0
platform,2357,229,100,20
platform,2442,444,131,20
slope,2454,201,100,100,100,0
platform,2554,201,100,20
platform,2603,329,85,20
platform,2821,210,105,20
wall_3d,2712,110,20,100
platform,2652,190,80,20
platform,3063,228,97,20
wall_3d,2942,128,20,100
platform,2882,208,80,20
platform,3284,236,184,20
platform,3534,152,192,20
slope,3476,136,100,100,100,0
platform,3576,136,100,20
platform,3642,259,196,20
platform,3885,239,144,20
slope,3786,159,100,100,100,0
platform,3886,159,100,20
platform,3539,136,62,20
platform,545,208,78,20
platform,1746,335,88,20
platform,427,336,100,20
wall_3d,796,211,20,106
platform,3705,167,93,20
wall_3d,1531,325,20,112
wall_3d,2441,302,20,80
wall_3d,731,244,20,55
wall_3d,1609,540,20,120
wall_3d,365,161,20,92
platform,1080,119,52,20
wall_3d,507,442,20,80
platform,1091,216,63,20
platform,2992,141,60,20
