ground,0,580,4000,20
start,142,540,40,50
goal,3700,484,80,80
platform,277,500,107,20
platform,466,461,116,20
platform,578,500,150,20
slope,616,361,100,100,100,0
platform,716,361,100,20
platform,791,445,92,20
trampoline,605,480,80,20
platform,915,423,117,20
wall_3d,853,323,20,100
platform,793,403,80,20
platform,1084,425,176,20
wall_3d,999,325,20,100
platform,939,405,80,20
platform,1319,424,87,20
slope,1171,325,100,100,100,0
platform,1271,325,100,20
platform,1458,350,143,20
trampoline,1358,404,80,20
platform,1585,441,151,20
platform,1721,335,94,20
wall_3d,1653,235,20,100
platform,1593,315,80,20
platform,1885,311,128,20
trampoline,1758,315,80,20
platform,2001,410,122,20
platform,2243,469,173,20
trampoline,2050,390,80,20
platform,2463,385,186,20
wall_3d,2353,285,20,100
platform,2293,365,80,20
platform,2594,278,140,20
platform,2832,189,164,20
slope,2758,178,100,100,100,0
platform,2858,178,100,20
platform,2988,227,137,20
platform,3170,241,174,20
platform,3292,106,100,20
slope,3270,141,100,100,100,0
platform,3370,141,100,20
platform,3475,100,114,20
platform,3608,134,156,20
platform,2004,181,87,20
platform,2821,104,83,20
platform,2062,120,82,20
wall_3d,1445,119,20,91
wall_3d,1457,425,20,80
wall_3d,2909,458,20,106
platform,1074,433,74,20
wall_3d,2235,426,20,97
platform,2625,512,74,20
platform,3001,118,80,20
platform,2891,454,90,20
platform,641,300,96,20
platform,3811,449,73,20
wall_3d,3302,172,20,62
wall_3d,3287,547,20,54
platform,2831,135,100,20
wall_3d,2760,553,20,115
