ground,0,580,4000,20
start,192,540,40,50
goal,3784,331,80,80
platform,423,500,118,20
wall_3d,307,400,20,100
platform,247,480,80,20
platform,642,500,82,20
wall_3d,532,400,20,100
platform,472,480,80,20
platform,828,375,193,20
spike,695,580,20,20
spike,715,580,20,20
spike,735,580,20,20
spike,755,580,20,20
spike,775,580,20,20
platform,1036,371,108,20
platform,1140,348,109,20
trampoline,1065,351,80,20
platform,1255,406,103,20
platform,1405,416,150,20
trampoline,1277,386,80,20
platform,1565,322,144,20
trampoline,1434,396,80,20
platform,1755,396,92,20
platform,1938,410,147,20
platform,2038,492,163,20
wall_3d,1988,392,20,100
platform,1928,472,80,20
platform,2145,484,118,20
wall_3d,2091,384,20,100
platform,2031,464,80,20
platform,2330,434,170,20
trampoline,2188,464,80,20
platform,2502,316,134,20
platform,2682,256,101,20
slope,2603,216,100,100,100,0
platform,2703,216,100,20
platform,2849,202,130,20
platform,3064,131,154,20
platform,3173,129,175,20
platform,3385,214,137,20
platform,3603,282,125,20
wall_3d,2929,196,20,88
wall_3d,409,228,20,72
platform,949,358,56,20
wall_3d,1300,514,20,115
platform,472,205,83,20
platform,2916,458,87,20
wall_3d,408,461,20,62
wall_3d,3344,163,20,89
platform,2986,345,69,20
wall_3d,515,432,20,112
wall_3d,972,267,20,68
wall_3d,856,419,20,105
platform,774,134,54,20
platform,3330,334,86,20
platform,1744,496,55,20
platform,325,153,71,20
wall_3d,639,159,20,67
platform,781,486,84,20
wall_3d,2898,173,20,74
