ground,0,580,4000,20
start,185,540,40,50
goal,3894,486,80,80
platform,424,500,141,20
wall_3d,304,400,20,100
platform,244,480,80,20
platform,609,500,114,20
slope,538,400,100,100,100,0
platform,638,400,100,20
platform,814,500,107,20
trampoline,651,480,80,20
platform,1041,500,154,20
wall_3d,927,400,20,100
platform,867,480,80,20
platform,1257,411,192,20
slope,1233,400,100,100,100,0
platform,1333,400,100,20
platform,1476,367,148,20
slope,1405,311,100,100,100,0
platform,1505,311,100,20
platform,1710,500,193,20
platform,1822,499,103,20
slope,1813,400,100,100,100,0
platform,1913,400,100,20
platform,2006,379,141,20
wall_3d,1914,279,20,100
platform,1854,359,80,20
platform,2193,344,94,20
trampoline,2050,359,80,20
platform,2318,432,162,20
slope,2355,244,100,100,100,0
platform,2455,244,100,20
platform,2505,500,144,20
slope,2462,332,100,100,100,0
platform,2562,332,100,20
platform,2725,439,174,20
trampoline,2554,480,80,20
platform,2955,440,92,20
trampoline,2762,419,80,20
platform,3204,500,83,20
platform,3348,500,198,20
slope,3402,400,100,100,100,0
platform,3502,400,100,20
platform,3553,428,96,20
trampoline,3390,480,80,20
platform,3698,364,94,20
wall_3d,250,131,20,112
wall_3d,2547,241,20,90
wall_3d,1042,241,20,61
wall_3d,1502,441,20,56
wall_3d,857,170,20,71
wall_3d,2291,200,20,79
platform,1538,264,69,20
platform,2054,519,95,20
platform,632,375,88,20
wall_3d,3500,277,20,52
platform,1724,220,71,20
wall_3d,610,446,20,62
wall_3d,2608,301,20,120
wall_3d,830,307,20,106
