ground,0,580,4000,20
start,104,540,40,50
goal,3838,436,80,80
platform,234,500,184,20
slope,288,440,100,100,100,0
platform,388,440,100,20
platform,389,470,149,20
wall_3d,311,370,20,100
platform,251,450,80,20
platform,509,372,124,20
trampoline,436,450,80,20
platform,739,500,119,20
spike,584,580,20,20
spike,604,580,20,20
spike,624,580,20,20
spike,644,580,20,20
spike,664,580,20,20
platform,856,422,132,20
platform,965,499,113,20
trampoline,900,402,80,20
platform,1169,500,197,20
spike,1047,580,20,20
spike,1067,580,20,20
platform,1358,432,138,20
platform,1521,500,185,20
spike,1419,580,20,20
spike,1439,580,20,20
spike,1459,580,20,20
platform,1707,468,194,20
spike,1594,580,20,20
spike,1614,580,20,20
spike,1634,580,20,20
platform,1895,440,132,20
platform,2048,436,115,20
platform,2236,485,190,20
slope,2238,336,100,100,100,0
platform,2338,336,100,20
platform,2445,400,123,20
spike,2300,580,20,20
spike,2320,580,20,20
spike,2340,580,20,20
spike,2360,580,20,20
platform,2564,477,148,20
slope,2593,300,100,100,100,0
platform,2693,300,100,20
platform,2680,500,112,20
slope,2676,377,100,100,100,0
platform,2776,377,100,20
platform,2842,442,100,20
wall_3d,2761,342,20,100
platform,2701,422,80,20
platform,2946,500,93,20
slope,2935,342,100,100,100,0
platform,3035,342,100,20
platform,3140,380,109,20
platform,3240,391,136,20
trampoline,3161,360,80,20
platform,3354,449,107,20
slope,3347,291,100,100,100,0
platform,3447,291,100,20
platform,3458,425,200,20
slope,3554,349,100,100,100,0
platform,3654,349,100,20
platform,3567,455,88,20
platform,3782,500,178,20
slope,3745,355,100,100,100,0
platform,3845,355,100,20
platform,470,262,67,20
wall_3d,1328,390,20,81
wall_3d,217,504,20,67
platform,3809,163,93,20
wall_3d,946,407,20,105
wall_3d,3259,184,20,52
wall_3d,1320,122,20,62
platform,785,198,62,20
platform,1923,114,83,20
wall_3d,1413,177,20,101
platform,1077,552,57,20
platform,2549,104,85,20
