ground,0,580,4000,20
start,181,540,40,50
goal,3777,310,80,80
platform,382,472,107,20
slope,288,440,100,100,100,0
platform,388,440,100,20
platform,517,485,115,20
trampoline,403,452,80,20
platform,724,432,115,20
wall_3d,620,332,20,100
platform,560,412,80,20
platform,917,500,180,20
platform,1039,467,133,20
trampoline,946,480,80,20
platform,1203,500,188,20
spike,1081,580,20,20
spike,1101,580,20,20
spike,1121,580,20,20
spike,1141,580,20,20
platform,1393,500,118,20
trampoline,1239,480,80,20
platform,1632,500,119,20
wall_3d,1512,400,20,100
platform,1452,480,80,20
platform,1757,431,138,20
platform,1979,500,136,20
trampoline,1784,411,80,20
platform,2124,500,162,20
slope,2141,400,100,100,100,0
platform,2241,400,100,20
platform,2264,396,133,20
slope,2257,400,100,100,100,0
platform,2357,400,100,20
platform,2438,458,120,20
platform,2634,335,100,20
platform,2847,207,153,20
wall_3d,2740,107,20,100
platform,2680,187,80,20
platform,3046,325,167,20
platform,3171,468,86,20
trampoline,3072,305,80,20
platform,3412,470,150,20
platform,3573,500,83,20
trampoline,3447,450,80,20
platform,3821,477,158,20
wall_3d,1475,126,20,115
wall_3d,3012,540,20,56
wall_3d,3032,321,20,95
platform,2417,490,94,20
platform,1082,495,87,20
platform,1182,485,89,20
platform,1844,236,88,20
platform,295,243,99,20
wall_3d,337,233,20,75
platform,1691,440,91,20
platform,1677,423,55,20
wall_3d,3668,535,20,54
platform,1729,349,86,20
wall_3d,1338,309,20,114
platform,2137,139,54,20
wall_3d,219,300,20,69
platform,661,523,87,20
wall_3d,953,516,20,104
platform,907,173,74,20
platform,1557,141,97,20
