ground,0,580,4000,20
start,124,540,40,50
goal,3773,367,80,80
platform,354,482,189,20
wall_3d,239,382,20,100
platform,179,462,80,20
platform,577,500,107,20
trampoline,390,462,80,20
platform,736,406,131,20
slope,708,400,100,100,100,0
platform,808,400,100,20
platform,875,494,185,20
trampoline,765,386,80,20
platform,1035,362,106,20
trampoline,908,474,80,20
platform,1162,372,86,20
platform,1272,492,90,20
wall_3d,1217,392,20,100
platform,1157,472,80,20
platform,1375,500,158,20
trampoline,1318,472,80,20
platform,1480,500,172,20
platform,1583,440,130,20
trampoline,1522,480,80,20
platform,1792,290,107,20
wall_3d,1687,190,20,100
platform,1627,270,80,20
platform,1916,144,189,20
platform,2146,100,146,20
platform,2327,100,122,20
platform,2474,244,129,20
platform,2662,370,121,20
platform,2776,225,126,20
platform,2925,302,146,20
platform,3173,352,124,20
slope,3049,202,100,100,100,0
platform,3149,202,100,20
platform,3353,228,171,20
slope,3344,252,100,100,100,0
platform,3444,252,100,20
platform,3557,143,91,20
slope,3444,128,100,100,100,0
platform,3544,128,100,20
platform,3724,100,104,20
platform,2174,286,50,20
wall_3d,2473,106,20,114
wall_3d,1448,315,20,99
platform,3381,499,66,20
platform,1864,491,100,20
wall_3d,1341,156,20,75
platform,863,507,90,20
wall_3d,3182,131,20,102
platform,3499,469,58,20
wall_3d,2829,462,20,96
platform,599,235,82,20
wall_3d,452,332,20,80
wall_3d,3053,336,20,61
platform,3615,536,70,20
platform,2084,138,64,20
