ground,0,580,4000,20
start,135,540,40,50
goal,3790,205,80,80
platform,385,447,131,20
trampoline,156,520,80,20
platform,533,480,81,20
platform,723,361,181,20
trampoline,564,460,80,20
platform,913,455,171,20
platform,1048,336,174,20
platform,1237,420,124,20
wall_3d,1142,320,20,100
platform,1082,400,80,20
platform,1431,391,155,20
platform,1646,381,196,20
platform,1850,341,106,20
slope,1752,281,100,100,100,0
platform,1852,281,100,20
platform,1968,385,154,20
platform,2121,375,172,20
slope,2140,285,100,100,100,0
platform,2240,285,100,20
platform,2277,407,94,20
wall_3d,2199,307,20,100
platform,2139,387,80,20
platform,2494,457,116,20
slope,2393,307,100,100,100,0
platform,2493,307,100,20
platform,2641,455,163,20
wall_3d,2567,355,20,100
platform,2507,435,80,20
platform,2784,346,86,20
slope,2727,355,100,100,100,0
platform,2827,355,100,20
platform,3012,366,87,20
trampoline,2831,326,80,20
platform,3169,368,80,20
slope,3092,266,100,100,100,0
platform,3192,266,100,20
platform,3387,352,123,20
trampoline,3216,348,80,20
platform,3533,305,148,20
trampoline,3418,332,80,20
platform,3722,357,131,20
trampoline,3571,285,80,20
platform,1070,483,55,20
wall_3d,1038,534,20,108
wall_3d,101,371,20,70
platform,3430,385,85,20
wall_3d,3066,413,20,84
wall_3d,476,269,20,67
wall_3d,3176,503,20,89
platform,945,483,59,20
platform,2939,542,60,20
wall_3d,3268,291,20,93
wall_3d,3781,215,20,77
wall_3d,2288,252,20,65
wall_3d,1658,369,20,50
wall_3d,3834,129,20,116
platform,1983,283,94,20
wall_3d,1851,349,20,97
wall_3d,728,193,20,68
platform,2021,104,82,20
platform,2703,147,98,20
wall_3d,994,393,20,75
