ground,0,580,4000,20
start,189,540,40,50
goal,3736,178,80,80
platform,325,500,138,20
wall_3d,257,400,20,100
platform,197,480,80,20
platform,495,461,163,20
trampoline,372,480,80,20
platform,695,500,102,20
trampoline,518,441,80,20
platform,855,365,178,20
wall_3d,775,265,20,100
platform,715,345,80,20
platform,1002,443,182,20
platform,1126,500,168,20
wall_3d,1064,400,20,100
platform,1004,480,80,20
platform,1248,374,189,20
platform,1457,259,106,20
platform,1670,245,170,20
wall_3d,1563,145,20,100
platform,1503,225,80,20
platform,1782,223,200,20
platform,1910,349,170,20
wall_3d,1846,249,20,100
platform,1786,329,80,20
platform,2022,402,181,20
trampoline,1958,329,80,20
platform,2254,347,89,20
wall_3d,2138,247,20,100
platform,2078,327,80,20
platform,2484,226,164,20
platform,2620,108,155,20
platform,2775,100,92,20
platform,2976,106,165,20
platform,3181,158,84,20
platform,3416,284,94,20
wall_3d,3298,184,20,100
platform,3238,264,80,20
platform,3652,201,144,20
wall_3d,437,341,20,119
platform,2033,238,77,20
platform,639,262,98,20
platform,478,113,56,20
platform,1671,385,78,20
wall_3d,3806,327,20,60
wall_3d,1647,152,20,95
platform,1400,167,60,20
platform,129,268,95,20
wall_3d,2533,371,20,61
wall_3d,2893,202,20,57
wall_3d,3818,278,20,120
platform,1009,330,58,20
wall_3d,3225,401,20,84
wall_3d,3379,486,20,70
platform,2957,131,68,20
platform,2113,191,98,20
platform,2926,314,73,20
