ground,0,580,4000,20
start,119,540,40,50
goal,3800,354,80,80
platform,242,452,101,20
platform,456,402,134,20
platform,702,335,91,20
slope,547,302,100,100,100,0
platform,647,302,100,20
platform,870,335,141,20
platform,986,360,116,20
platform,1099,447,84,20
platform,1317,448,151,20
slope,1250,347,100,100,100,0
platform,1350,347,100,20
platform,1495,342,128,20
slope,1445,348,100,100,100,0
platform,1545,348,100,20
platform,1715,278,150,20
wall_3d,1605,178,20,100
platform,1545,258,80,20
platform,1925,146,199,20
slope,1914,178,100,100,100,0
platform,2014,178,100,20
platform,2146,163,102,20
platform,2295,259,93,20
platform,2516,251,97,20
platform,2622,343,136,20
platform,2846,268,86,20
wall_3d,2734,168,20,100
platform,2674,248,80,20
platform,3035,405,144,20
slope,2990,168,100,100,100,0
platform,3090,168,100,20
platform,3256,484,154,20
slope,3189,305,100,100,100,0
platform,3289,305,100,20
platform,3473,472,192,20
slope,3448,384,100,100,100,0
platform,3548,384,100,20
platform,3600,360,83,20
platform,3199,268,78,20
wall_3d,3762,355,20,114
wall_3d,308,424,20,72
wall_3d,1328,352,20,85
platform,3358,107,59,20
wall_3d,3091,524,20,65
platform,2872,365,64,20
platform,323,123,68,20
platform,1688,353,53,20
platform,3439,548,96,20
platform,3829,443,68,20
wall_3d,1927,170,20,108
platform,376,224,52,20
platform,500,265,78,20
