ground,0,580,4000,20
start,113,540,40,50
goal,3832,387,80,80
platform,232,473,161,20
trampoline,150,520,80,20
platform,388,435,136,20
trampoline,252,453,80,20
platform,522,467,186,20
slope,574,335,100,100,100,0
platform,674,335,100,20
platform,711,500,105,20
wall_3d,616,400,20,100
platform,556,480,80,20
platform,907,500,186,20
slope,897,400,100,100,100,0
platform,997,400,100,20
platform,1100,500,104,20
platform,1223,500,107,20
wall_3d,1161,400,20,100
platform,1101,480,80,20
platform,1457,434,93,20
platform,1703,484,124,20
wall_3d,1580,384,20,100
platform,1520,464,80,20
platform,1913,500,187,20
spike,1788,580,20,20
spike,1808,580,20,20
spike,1828,580,20,20
platform,2084,473,106,20
trampoline,1952,480,80,20
platform,2204,450,180,20
trampoline,2132,453,80,20
platform,2359,395,112,20
slope,2316,350,100,100,100,0
platform,2416,350,100,20
platform,2509,444,187,20
trampoline,2400,375,80,20
platform,2613,500,194,20
platform,2815,500,185,20
platform,2978,500,146,20
platform,3120,500,129,20
trampoline,3010,480,80,20
platform,3306,352,91,20
trampoline,3160,480,80,20
platform,3431,477,82,20
slope,3388,252,100,100,100,0
platform,3488,252,100,20
platform,3678,500,95,20
trampoline,3461,457,80,20
wall_3d,2557,459,20,117
wall_3d,1166,530,20,68
wall_3d,3784,181,20,96
platform,2878,515,79,20
platform,1206,458,81,20
wall_3d,3184,266,20,66
wall_3d,393,231,20,74
wall_3d,1512,340,20,92
wall_3d,2067,226,20,71
wall_3d,1406,531,20,115
platform,3084,330,79,20
platform,389,533,91,20
platform,2003,313,75,20
