ground,0,580,4000,20
start,107,540,40,50
goal,3782,200,80,80
platform,344,500,92,20
wall_3d,225,400,20,100
platform,165,480,80,20
platform,523,423,127,20
slope,471,400,100,100,100,0
platform,571,400,100,20
platform,668,443,104,20
trampoline,573,403,80,20
platform,825,427,137,20
trampoline,711,423,80,20
platform,939,454,100,20
platform,1174,500,168,20
slope,1107,354,100,100,100,0
platform,1207,354,100,20
platform,1373,470,158,20
trampoline,1195,480,80,20
platform,1615,500,148,20
wall_3d,1494,400,20,100
platform,1434,480,80,20
platform,1746,500,124,20
wall_3d,1680,400,20,100
platform,1620,480,80,20
platform,1992,500,109,20
platform,2136,462,134,20
slope,2126,400,100,100,100,0
platform,2226,400,100,20
platform,2273,442,102,20
platform,2511,368,101,20
platform,2628,296,98,20
platform,2847,403,177,20
platform,3068,500,107,20
slope,2954,303,100,100,100,0
platform,3054,303,100,20
platform,3282,500,98,20
slope,3166,400,100,100,100,0
platform,3266,400,100,20
platform,3436,500,184,20
slope,3466,400,100,100,100,0
platform,3566,400,100,20
platform,3600,500,161,20
slope,3597,400,100,100,100,0
platform,3697,400,100,20
wall_3d,2944,357,20,94
wall_3d,208,362,20,65
wall_3d,760,334,20,100
wall_3d,1863,469,20,103
wall_3d,2108,484,20,98
wall_3d,1641,235,20,56
wall_3d,2762,409,20,115
wall_3d,2518,300,20,69
platform,3607,260,98,20
platform,1629,489,64,20
