ground,0,580,4000,20
start,111,540,40,50
goal,3831,277,80,80
platform,256,500,109,20
wall_3d,183,400,20,100
platform,123,480,80,20
platform,360,500,104,20
wall_3d,308,400,20,100
platform,248,480,80,20
platform,527,500,102,20
trampoline,386,480,80,20
platform,710,420,94,20
trampoline,564,480,80,20
platform,948,500,108,20
platform,1156,500,82,20
slope,1030,400,100,100,100,0
platform,1130,400,100,20
platform,1383,406,95,20
platform,1501,286,85,20
platform,1727,167,82,20
slope,1583,186,100,100,100,0
platform,1683,186,100,20
platform,1870,136,187,20
platform,2048,110,135,20
platform,2255,144,141,20
platform,2405,101,88,20
platform,2545,137,82,20
platform,2718,106,168,20
platform,2911,100,182,20
platform,3047,100,102,20
platform,3202,100,89,20
platform,3447,100,84,20
platform,3597,100,100,20
platform,3803,220,86,20
platform,434,103,50,20
wall_3d,554,309,20,60
platform,3889,159,73,20
wall_3d,604,417,20,108
platform,3752,324,51,20
wall_3d,2340,195,20,84
wall_3d,1193,255,20,106
platform,3563,503,86,20
platform,3450,446,99,20
platform,1480,485,55,20
platform,3486,468,52,20
wall_3d,1257,280,20,96
wall_3d,3127,310,20,65
wall_3d,1124,546,20,103
