ground,0,580,4000,20
start,156,540,40,50
goal,3735,193,80,80
platform,321,500,166,20
slope,322,440,100,100,100,0
platform,422,440,100,20
platform,557,474,151,20
wall_3d,439,374,20,100
platform,379,454,80,20
platform,742,365,196,20
slope,753,374,100,100,100,0
platform,853,374,100,20
platform,941,219,89,20
spike,801,580,20,20
spike,821,580,20,20
spike,841,580,20,20
spike,861,580,20,20
spike,881,580,20,20
platform,1139,232,197,20
slope,1138,119,100,100,100,0
platform,1238,119,100,20
platform,1301,218,101,20
slope,1240,132,100,100,100,0
platform,1340,132,100,20
platform,1494,134,103,20
slope,1404,118,100,100,100,0
platform,1504,118,100,20
platform,1620,151,134,20
platform,1735,225,168,20
platform,1870,315,136,20
slope,1871,125,100,100,100,0
platform,1971,125,100,20
platform,2020,362,160,20
slope,2030,215,100,100,100,0
platform,2130,215,100,20
platform,2128,256,90,20
trampoline,2054,342,80,20
platform,2375,316,153,20
wall_3d,2251,216,20,100
platform,2191,296,80,20
platform,2582,199,176,20
trampoline,2422,296,80,20
platform,2819,273,159,20
platform,2965,255,129,20
platform,3205,290,147,20
platform,3307,427,100,20
platform,3528,394,142,20
trampoline,3350,407,80,20
platform,3687,419,130,20
trampoline,3576,374,80,20
wall_3d,3483,278,20,107
wall_3d,1812,167,20,114
platform,575,558,74,20
wall_3d,2199,168,20,53
wall_3d,771,303,20,113
platform,1268,349,80,20
platform,3040,169,74,20
platform,1161,266,50,20
wall_3d,123,499,20,81
wall_3d,2635,547,20,71
wall_3d,1111,186,20,76
