ground,0,580,4000,20
start,102,540,40,50
goal,3840,318,80,80
platform,236,448,170,20
wall_3d,169,348,20,100
platform,109,428,80,20
platform,384,310,156,20
platform,612,237,195,20
wall_3d,498,137,20,100
platform,438,217,80,20
platform,724,366,161,20
platform,833,392,100,20
trampoline,770,346,80,20
platform,950,490,184,20
platform,1065,409,99,20
trampoline,996,470,80,20
platform,1295,337,107,20
trampoline,1087,389,80,20
platform,1458,474,196,20
slope,1491,237,100,100,100,0
platform,1591,237,100,20
platform,1699,344,141,20
platform,1812,281,128,20
platform,1982,403,94,20
spike,1857,580,20,20
spike,1877,580,20,20
spike,1897,580,20,20
spike,1917,580,20,20
platform,2115,355,146,20
platform,2271,324,184,20
platform,2408,357,98,20
platform,2536,397,82,20
trampoline,2453,337,80,20
platform,2683,274,107,20
trampoline,2559,377,80,20
platform,2862,325,186,20
wall_3d,2772,225,20,100
platform,2712,305,80,20
platform,3037,323,151,20
wall_3d,2949,223,20,100
platform,2889,303,80,20
platform,3228,463,82,20
trampoline,3072,303,80,20
platform,3362,317,122,20
trampoline,3252,443,80,20
platform,3504,392,156,20
platform,3622,248,84,20
platform,3856,110,145,20
wall_3d,2493,219,20,85
platform,435,256,61,20
platform,2323,441,77,20
wall_3d,2980,246,20,112
platform,2138,171,60,20
wall_3d,226,449,20,67
wall_3d,1400,105,20,82
wall_3d,178,457,20,56
wall_3d,1284,554,20,95
platform,1175,101,75,20
wall_3d,2283,278,20,111
platform,1306,128,55,20
platform,811,394,80,20
wall_3d,888,303,20,107
wall_3d,2780,106,20,108
wall_3d,2515,542,20,74
