ground,0,580,2048,20
start,278,540,40,50
goal,1868,466,80,80
platform,620,300,134,20
platform,1683,303,142,20
platform,1138,402,100,20
platform,823,113,93,20
platform,134,404,94,20
platform,135,113,81,20
platform,526,201,102,20
platform,1274,156,139,20
platform,659,397,132,20
platform,1376,255,83,20
platform,1649,225,82,20
platform,148,104,149,20
platform,255,314,118,20
platform,288,189,121,20
platform,667,531,103,20
platform,552,129,85,20
platform,1836,494,102,20
platform,950,524,96,20
platform,726,425,89,20
platform,1782,165,92,20
wall_3d,353,484,20,65
wall_3d,1818,277,20,59
wall_3d,779,306,20,74
wall_3d,1222,340,20,140
wall_3d,685,476,20,142
wall_3d,1345,332,20,88
wall_3d,1865,204,20,80
wall_3d,1052,343,20,134
wall_3d,1739,408,20,51
wall_3d,1489,386,20,66
wall_3d,120,247,20,99
wall_3d,1191,431,20,52
wall_3d,1396,280,20,134
wall_3d,1600,158,20,120
wall_3d,856,212,20,109
trampoline,1137,453,80,20
trampoline,1043,427,80,20
trampoline,1434,273,80,20
