ground,0,580,4000,20
start,104,540,40,50
goal,3718,407,80,80
platform,230,500,186,20
platform,471,500,128,20
spike,310,580,20,20
spike,330,580,20,20
spike,350,580,20,20
spike,370,580,20,20
spike,390,580,20,20
platform,633,500,123,20
slope,594,400,100,100,100,0
platform,694,400,100,20
platform,819,500,96,20
platform,943,500,84,20
slope,903,400,100,100,100,0
platform,1003,400,100,20
platform,1126,500,106,20
slope,1049,400,100,100,100,0
platform,1149,400,100,20
platform,1274,500,96,20
slope,1222,400,100,100,100,0
platform,1322,400,100,20
platform,1515,454,110,20
slope,1384,400,100,100,100,0
platform,1484,400,100,20
platform,1674,447,91,20
wall_3d,1594,347,20,100
platform,1534,427,80,20
platform,1805,339,138,20
wall_3d,1739,239,20,100
platform,1679,319,80,20
platform,1915,371,98,20
platform,2142,495,102,20
wall_3d,2028,395,20,100
platform,1968,475,80,20
platform,2289,500,105,20
platform,2520,500,121,20
wall_3d,2404,400,20,100
platform,2344,480,80,20
platform,2706,500,155,20
slope,2675,400,100,100,100,0
platform,2775,400,100,20
platform,2857,488,138,20
wall_3d,2781,388,20,100
platform,2721,468,80,20
platform,3081,402,166,20
platform,3302,374,129,20
slope,3210,302,100,100,100,0
platform,3310,302,100,20
platform,3537,264,162,20
wall_3d,2844,106,20,70
platform,1211,131,94,20
wall_3d,1705,178,20,58
wall_3d,539,137,20,91
platform,2531,234,68,20
wall_3d,3586,331,20,79
wall_3d,3842,238,20,109
wall_3d,3494,176,20,98
wall_3d,2210,101,20,69
platform,1007,358,96,20
platform,3820,318,74,20
wall_3d,3107,105,20,69
wall_3d,1319,225,20,52
wall_3d,2289,479,20,71
platform,1813,350,67,20
