ground,0,580,4000,20
start,196,540,40,50
goal,3793,228,80,80
platform,377,414,176,20
slope,372,440,100,100,100,0
platform,472,440,100,20
platform,519,326,142,20
wall_3d,448,226,20,100
platform,388,306,80,20
platform,684,263,166,20
slope,685,226,100,100,100,0
platform,785,226,100,20
platform,857,312,157,20
wall_3d,770,212,20,100
platform,710,292,80,20
platform,1020,378,197,20
spike,898,580,20,20
spike,918,580,20,20
spike,938,580,20,20
spike,958,580,20,20
platform,1143,241,119,20
wall_3d,1081,141,20,100
platform,1021,221,80,20
platform,1361,362,105,20
platform,1487,500,144,20
wall_3d,1424,400,20,100
platform,1364,480,80,20
platform,1725,500,145,20
wall_3d,1606,400,20,100
platform,1546,480,80,20
platform,1895,500,196,20
platform,2123,378,89,20
platform,2300,289,179,20
slope,2302,278,100,100,100,0
platform,2402,278,100,20
platform,2407,383,95,20
slope,2395,189,100,100,100,0
platform,2495,189,100,20
platform,2652,328,167,20
slope,2574,283,100,100,100,0
platform,2674,283,100,20
platform,2807,358,80,20
trampoline,2699,308,80,20
platform,2955,291,170,20
slope,2977,258,100,100,100,0
platform,3077,258,100,20
platform,3196,395,185,20
platform,3333,393,149,20
slope,3345,295,100,100,100,0
platform,3445,295,100,20
platform,3458,364,177,20
wall_3d,3395,264,20,100
platform,3335,344,80,20
platform,3662,282,139,20
wall_3d,2682,492,20,98
platform,3639,508,61,20
platform,1185,348,67,20
platform,2999,438,82,20
wall_3d,346,265,20,96
wall_3d,3559,200,20,91
platform,3341,435,58,20
platform,750,422,81,20
platform,241,213,67,20
platform,387,142,82,20
platform,657,557,70,20
platform,2245,529,59,20
