ground,0,580,2048,20
start,385,540,40,50
goal,1928,424,80,80
platform,392,143,100,20
platform,890,333,134,20
platform,167,353,82,20
platform,1243,391,82,20
platform,686,154,132,20
platform,1644,167,124,20
platform,329,300,102,20
platform,1819,433,142,20
platform,157,269,116,20
platform,1885,516,144,20
platform,1828,555,135,20
platform,1680,331,104,20
platform,1763,261,133,20
platform,1714,101,119,20
platform,1114,379,83,20
platform,1579,511,117,20
platform,1488,100,111,20
platform,1965,511,110,20
platform,897,186,112,20
platform,650,168,99,20
wall_3d,1234,112,20,129
wall_3d,1254,280,20,143
wall_3d,725,335,20,132
wall_3d,1916,495,20,91
wall_3d,457,214,20,125
wall_3d,590,276,20,80
wall_3d,1939,146,20,51
wall_3d,1556,218,20,135
wall_3d,326,319,20,53
wall_3d,1864,184,20,56
wall_3d,336,452,20,115
wall_3d,1103,485,20,117
wall_3d,1783,148,20,115
trampoline,596,306,80,20
trampoline,412,243,80,20
trampoline,1911,312,80,20
trampoline,1239,321,80,20
