ground,0,580,4000,20
start,124,540,40,50
goal,3864,325,80,80
platform,322,494,183,20
trampoline,146,520,80,20
platform,530,427,114,20
spike,406,580,20,20
spike,426,580,20,20
platform,651,324,157,20
slope,687,327,100,100,100,0
platform,787,327,100,20
platform,794,191,126,20
platform,1017,170,177,20
platform,1123,279,103,20
platform,1244,273,96,20
platform,1395,415,111,20
slope,1355,173,100,100,100,0
platform,1455,173,100,20
platform,1640,287,115,20
slope,1510,315,100,100,100,0
platform,1610,315,100,20
platform,1776,369,99,20
slope,1739,187,100,100,100,0
platform,1839,187,100,20
platform,1968,382,158,20
wall_3d,1872,282,20,100
platform,1812,362,80,20
platform,2084,254,172,20
slope,2140,282,100,100,100,0
platform,2240,282,100,20
platform,2199,386,109,20
wall_3d,2141,286,20,100
platform,2081,366,80,20
platform,2441,255,170,20
platform,2562,169,117,20
platform,2694,100,122,20
platform,2915,150,135,20
platform,3017,149,135,20
platform,3138,209,190,20
platform,3382,323,135,20
platform,3599,375,104,20
slope,3486,223,100,100,100,0
platform,3586,223,100,20
platform,3719,382,165,20
trampoline,3624,355,80,20
wall_3d,3866,225,20,61
platform,2840,112,71,20
platform,561,214,74,20
platform,3535,370,69,20
wall_3d,716,341,20,115
platform,1738,215,59,20
platform,3838,195,97,20
wall_3d,577,371,20,50
platform,1312,171,55,20
wall_3d,3350,536,20,106
platform,3341,485,64,20
platform,408,454,85,20
wall_3d,1472,294,20,51
