ground,0,580,4000,20
start,161,540,40,50
goal,3763,149,80,80
platform,268,500,131,20
platform,453,500,161,20
wall_3d,360,400,20,100
platform,300,480,80,20
platform,572,500,107,20
trampoline,482,480,80,20
platform,766,500,86,20
platform,998,481,121,20
trampoline,792,480,80,20
platform,1228,500,119,20
slope,1117,381,100,100,100,0
platform,1217,381,100,20
platform,1345,500,111,20
trampoline,1276,480,80,20
platform,1511,445,92,20
slope,1437,400,100,100,100,0
platform,1537,400,100,20
platform,1654,361,173,20
slope,1684,345,100,100,100,0
platform,1784,345,100,20
platform,1778,498,162,20
wall_3d,1716,398,20,100
platform,1656,478,80,20
platform,1922,400,199,20
trampoline,1809,478,80,20
platform,2094,419,174,20
trampoline,1953,380,80,20
platform,2234,500,157,20
trampoline,2127,399,80,20
platform,2405,355,198,20
platform,2618,500,84,20
slope,2489,255,100,100,100,0
platform,2589,255,100,20
platform,2779,500,124,20
slope,2742,400,100,100,100,0
platform,2842,400,100,20
platform,3008,480,91,20
platform,3186,457,191,20
trampoline,3045,460,80,20
platform,3435,500,150,20
trampoline,3229,437,80,20
platform,3685,368,146,20
spike,3540,580,20,20
spike,3560,580,20,20
spike,3580,580,20,20
wall_3d,714,146,20,72
wall_3d,3068,199,20,72
platform,2462,405,59,20
platform,2218,409,96,20
platform,3636,501,55,20
platform,469,177,79,20
platform,3503,299,71,20
wall_3d,2814,114,20,74
platform,305,517,64,20
wall_3d,1280,305,20,54
platform,168,162,80,20
platform,3899,551,98,20
platform,2984,155,51,20
wall_3d,3344,379,20,52
wall_3d,2321,432,20,84
