ground,0,580,4000,20
start,160,540,40,50
goal,3873,449,80,80
platform,275,500,152,20
platform,395,469,144,20
slope,419,400,100,100,100,0
platform,519,400,100,20
platform,592,500,187,20
slope,582,369,100,100,100,0
platform,682,369,100,20
platform,786,445,144,20
slope,736,400,100,100,100,0
platform,836,400,100,20
platform,974,399,162,20
slope,948,345,100,100,100,0
platform,1048,345,100,20
platform,1158,317,156,20
wall_3d,1066,217,20,100
platform,1006,297,80,20
platform,1289,378,154,20
platform,1401,467,90,20
platform,1550,500,188,20
platform,1664,500,142,20
wall_3d,1607,400,20,100
platform,1547,480,80,20
platform,1792,370,161,20
trampoline,1686,480,80,20
platform,1947,415,138,20
spike,1849,580,20,20
spike,1869,580,20,20
platform,2165,500,174,20
platform,2408,500,142,20
wall_3d,2286,400,20,100
platform,2226,480,80,20
platform,2646,500,104,20
slope,2512,400,100,100,100,0
platform,2612,400,100,20
platform,2873,500,138,20
platform,3084,395,163,20
platform,3231,404,93,20
slope,3177,295,100,100,100,0
platform,3277,295,100,20
platform,3478,327,107,20
wall_3d,3354,227,20,100
platform,3294,307,80,20
platform,3664,408,183,20
spike,3551,580,20,20
spike,3571,580,20,20
spike,3591,580,20,20
platform,3766,460,96,20
slope,3760,308,100,100,100,0
platform,3860,308,100,20
platform,1253,447,73,20
platform,1873,265,55,20
platform,385,352,75,20
platform,1421,427,96,20
platform,1774,306,85,20
wall_3d,1064,541,20,99
platform,631,504,78,20
platform,1934,491,50,20
wall_3d,2593,477,20,87
wall_3d,3599,299,20,98
platform,1291,440,99,20
platform,1933,153,72,20
wall_3d,3485,250,20,99
