ground,0,580,4000,20
start,178,540,40,50
goal,3726,121,80,80
platform,392,485,118,20
wall_3d,285,385,20,100
platform,225,465,80,20
platform,547,403,90,20
platform,697,500,200,20
wall_3d,622,400,20,100
platform,562,480,80,20
platform,862,500,182,20
slope,879,400,100,100,100,0
platform,979,400,100,20
platform,1081,377,151,20
wall_3d,971,277,20,100
platform,911,357,80,20
platform,1311,450,97,20
trampoline,1131,357,80,20
platform,1498,500,157,20
slope,1468,350,100,100,100,0
platform,1568,350,100,20
platform,1706,500,106,20
wall_3d,1602,400,20,100
platform,1542,480,80,20
platform,1929,500,186,20
slope,1892,400,100,100,100,0
platform,1992,400,100,20
platform,2165,500,125,20
slope,2054,400,100,100,100,0
platform,2154,400,100,20
platform,2302,470,148,20
platform,2538,449,92,20
trampoline,2343,450,80,20
platform,2682,494,158,20
slope,2696,349,100,100,100,0
platform,2796,349,100,20
platform,2866,460,96,20
platform,3015,450,181,20
platform,3194,500,162,20
wall_3d,3104,400,20,100
platform,3044,480,80,20
platform,3309,500,117,20
slope,3311,400,100,100,100,0
platform,3411,400,100,20
platform,3409,500,134,20
platform,3538,500,193,20
trampoline,3434,480,80,20
platform,1264,354,74,20
wall_3d,3682,108,20,69
platform,3879,367,100,20
platform,315,557,88,20
platform,3750,108,55,20
platform,1900,104,75,20
platform,1210,532,76,20
wall_3d,1633,290,20,118
platform,1043,244,79,20
platform,529,393,56,20
wall_3d,2858,278,20,97
