ground,0,580,4000,20
start,171,540,40,50
goal,3828,264,80,80
platform,321,500,88,20
trampoline,209,520,80,20
platform,431,500,189,20
slope,510,400,100,100,100,0
platform,610,400,100,20
platform,602,445,146,20
platform,847,462,117,20
trampoline,637,425,80,20
platform,1011,341,96,20
wall_3d,929,241,20,100
platform,869,321,80,20
platform,1189,372,86,20
wall_3d,1100,272,20,100
platform,1040,352,80,20
platform,1326,224,119,20
wall_3d,1257,124,20,100
platform,1197,204,80,20
platform,1521,163,195,20
slope,1521,124,100,100,100,0
platform,1621,124,100,20
platform,1739,139,89,20
platform,1878,168,185,20
platform,2025,210,172,20
platform,2267,123,93,20
platform,2399,100,91,20
platform,2514,142,89,20
platform,2684,100,133,20
platform,2790,100,130,20
platform,2924,100,134,20
platform,3141,100,126,20
spike,3012,580,20,20
spike,3032,580,20,20
platform,3369,201,90,20
platform,3504,289,148,20
platform,3705,426,112,20
wall_3d,3604,326,20,100
platform,3544,406,80,20
wall_3d,1518,432,20,76
wall_3d,2572,441,20,70
platform,336,543,81,20
wall_3d,3526,524,20,100
platform,1187,394,81,20
wall_3d,666,502,20,70
platform,3261,303,75,20
wall_3d,2126,271,20,72
platform,1463,347,74,20
wall_3d,2880,371,20,59
platform,3514,232,55,20
