ground,0,580,4000,20
start,184,540,40,50
goal,3798,175,80,80
platform,378,500,148,20
wall_3d,281,400,20,100
platform,221,480,80,20
platform,623,436,81,20
trampoline,418,480,80,20
platform,850,500,119,20
trampoline,664,416,80,20
platform,991,500,89,20
platform,1185,391,151,20
trampoline,1031,480,80,20
platform,1323,366,126,20
trampoline,1213,371,80,20
platform,1447,443,137,20
slope,1460,266,100,100,100,0
platform,1560,266,100,20
platform,1573,357,189,20
platform,1704,457,123,20
trampoline,1622,337,80,20
platform,1918,371,107,20
trampoline,1737,437,80,20
platform,2148,301,176,20
spike,2013,580,20,20
spike,2033,580,20,20
spike,2053,580,20,20
platform,2380,221,91,20
platform,2575,144,130,20
platform,2747,206,148,20
wall_3d,2661,106,20,100
platform,2601,186,80,20
platform,2872,100,192,20
platform,3120,100,175,20
platform,3243,231,84,20
platform,3348,318,189,20
slope,3432,131,100,100,100,0
platform,3532,131,100,20
platform,3555,285,120,20
trampoline,3390,298,80,20
platform,3706,307,105,20
wall_3d,1651,246,20,60
platform,1685,408,99,20
wall_3d,3234,335,20,82
wall_3d,3472,433,20,109
wall_3d,1770,506,20,96
platform,1982,349,76,20
platform,1241,236,95,20
wall_3d,2218,217,20,106
platform,2304,390,95,20
platform,3572,113,71,20
wall_3d,403,212,20,107
platform,3063,512,99,20
platform,100,214,82,20
