ground,0,580,4000,20
start,151,540,40,50
goal,3886,113,80,80
platform,302,500,138,20
spike,206,580,20,20
spike,226,580,20,20
platform,452,494,161,20
wall_3d,377,394,20,100
platform,317,474,80,20
platform,687,500,159,20
platform,836,458,193,20
slope,880,400,100,100,100,0
platform,980,400,100,20
platform,958,500,102,20
slope,938,358,100,100,100,0
platform,1038,358,100,20
platform,1079,406,113,20
trampoline,989,480,80,20
platform,1246,500,122,20
slope,1201,306,100,100,100,0
platform,1301,306,100,20
platform,1352,500,109,20
platform,1503,415,101,20
slope,1453,400,100,100,100,0
platform,1553,400,100,20
platform,1696,346,108,20
platform,1852,423,146,20
spike,1734,580,20,20
spike,1754,580,20,20
spike,1774,580,20,20
spike,1794,580,20,20
platform,1966,500,174,20
slope,2026,323,100,100,100,0
platform,2126,323,100,20
platform,2107,406,118,20
platform,2217,426,185,20
slope,2292,306,100,100,100,0
platform,2392,306,100,20
platform,2332,433,159,20
slope,2376,326,100,100,100,0
platform,2476,326,100,20
platform,2559,446,161,20
platform,2692,301,102,20
slope,2661,346,100,100,100,0
platform,2761,346,100,20
platform,2832,179,118,20
platform,3057,171,199,20
platform,3239,162,101,20
platform,3445,100,160,20
platform,3573,222,177,20
platform,3747,234,148,20
slope,3721,122,100,100,100,0
platform,3821,122,100,20
platform,2234,134,62,20
platform,2661,460,79,20
wall_3d,3646,309,20,108
wall_3d,2125,315,20,116
platform,3187,380,51,20
wall_3d,2244,385,20,90
wall_3d,1110,257,20,84
platform,3130,315,54,20
wall_3d,1326,321,20,113
platform,1121,526,70,20
platform,921,481,64,20
wall_3d,3491,304,20,109
wall_3d,3784,397,20,84
platform,2480,236,75,20
wall_3d,891,122,20,97
platform,3451,518,100,20
wall_3d,3142,533,20,112
wall_3d,2530,520,20,51
wall_3d,3747,123,20,102
wall_3d,3177,181,20,88
