ground,0,580,4000,20
start,147,540,40,50
goal,3887,464,80,80
platform,272,500,130,20
slope,277,440,100,100,100,0
platform,377,440,100,20
platform,406,500,117,20
trampoline,312,480,80,20
platform,631,500,124,20
trampoline,452,480,80,20
platform,790,500,98,20
slope,729,400,100,100,100,0
platform,829,400,100,20
platform,901,500,107,20
platform,1051,500,100,20
wall_3d,976,400,20,100
platform,916,480,80,20
platform,1240,447,145,20
spike,1105,580,20,20
spike,1125,580,20,20
spike,1145,580,20,20
spike,1165,580,20,20
spike,1185,580,20,20
platform,1400,500,92,20
slope,1332,347,100,100,100,0
platform,1432,347,100,20
platform,1531,439,91,20
slope,1491,400,100,100,100,0
platform,1591,400,100,20
platform,1740,406,119,20
platform,1877,500,117,20
trampoline,1778,386,80,20
platform,2019,500,198,20
wall_3d,1948,400,20,100
platform,1888,480,80,20
platform,2166,500,136,20
platform,2354,453,106,20
trampoline,2213,480,80,20
platform,2527,496,174,20
slope,2528,353,100,100,100,0
platform,2628,353,100,20
platform,2674,500,102,20
trampoline,2556,476,80,20
platform,2870,500,115,20
spike,2752,580,20,20
spike,2772,580,20,20
spike,2792,580,20,20
platform,3035,500,185,20
slope,3055,400,100,100,100,0
platform,3155,400,100,20
platform,3137,500,116,20
slope,3151,400,100,100,100,0
platform,3251,400,100,20
platform,3341,460,94,20
trampoline,3171,480,80,20
platform,3560,413,149,20
slope,3490,360,100,100,100,0
platform,3590,360,100,20
platform,3728,495,98,20
wall_3d,3644,395,20,100
platform,3584,475,80,20
platform,2636,216,66,20
platform,3364,250,74,20
platform,393,275,60,20
wall_3d,499,326,20,106
wall_3d,743,253,20,88
wall_3d,2966,304,20,117
platform,2922,305,95,20
platform,1571,286,54,20
platform,3741,375,79,20
platform,3866,348,90,20
wall_3d,2299,335,20,120
wall_3d,971,542,20,117
wall_3d,2356,285,20,106
platform,2183,191,89,20
platform,1370,412,89,20
