ground,0,580,4000,20
start,161,540,40,50
goal,3734,470,80,80
platform,372,500,192,20
platform,500,457,193,20
trampoline,414,480,80,20
platform,611,500,148,20
wall_3d,555,400,20,100
platform,495,480,80,20
platform,751,500,122,20
platform,906,500,89,20
trampoline,792,480,80,20
platform,1051,500,155,20
trampoline,937,480,80,20
platform,1151,500,99,20
trampoline,1087,480,80,20
platform,1265,500,126,20
slope,1277,400,100,100,100,0
platform,1377,400,100,20
platform,1486,500,113,20
spike,1335,580,20,20
spike,1355,580,20,20
spike,1375,580,20,20
spike,1395,580,20,20
platform,1616,429,146,20
wall_3d,1551,329,20,100
platform,1491,409,80,20
platform,1812,463,187,20
slope,1803,329,100,100,100,0
platform,1903,329,100,20
platform,1997,443,181,20
trampoline,1834,443,80,20
platform,2133,500,197,20
slope,2194,343,100,100,100,0
platform,2294,343,100,20
platform,2280,500,100,20
platform,2495,500,173,20
wall_3d,2387,400,20,100
platform,2327,480,80,20
platform,2675,406,100,20
platform,2912,323,100,20
slope,2775,306,100,100,100,0
platform,2875,306,100,20
platform,3097,384,157,20
wall_3d,3004,284,20,100
platform,2944,364,80,20
platform,3218,422,119,20
trampoline,3130,364,80,20
platform,3327,457,143,20
wall_3d,3272,357,20,100
platform,3212,437,80,20
platform,3516,498,101,20
platform,3619,500,198,20
trampoline,3546,478,80,20
platform,3852,389,84,20
wall_3d,2896,527,20,83
platform,773,123,62,20
platform,1097,497,61,20
wall_3d,3566,233,20,68
platform,3223,277,67,20
platform,1846,250,92,20
platform,995,545,66,20
platform,559,479,50,20
platform,477,218,70,20
platform,2796,125,55,20
platform,3126,158,71,20
platform,1320,261,60,20
platform,1465,528,85,20
platform,1458,340,58,20
wall_3d,281,524,20,64
platform,2090,444,69,20
