ground,0,580,4000,20
start,133,540,40,50
goal,3807,156,80,80
platform,342,392,188,20
slope,321,440,100,100,100,0
platform,421,440,100,20
platform,479,485,90,20
slope,432,292,100,100,100,0
platform,532,292,100,20
platform,663,500,157,20
slope,636,385,100,100,100,0
platform,736,385,100,20
platform,802,423,136,20
trampoline,693,480,80,20
platform,1029,384,186,20
trampoline,832,403,80,20
platform,1201,500,140,20
trampoline,1071,364,80,20
platform,1389,500,93,20
spike,1275,580,20,20
spike,1295,580,20,20
spike,1315,580,20,20
platform,1598,397,95,20
slope,1484,400,100,100,100,0
platform,1584,400,100,20
platform,1817,313,142,20
wall_3d,1707,213,20,100
platform,1647,293,80,20
platform,1995,208,97,20
slope,1914,213,100,100,100,0
platform,2014,213,100,20
platform,2190,351,87,20
slope,2082,108,100,100,100,0
platform,2182,108,100,20
platform,2305,427,183,20
slope,2373,251,100,100,100,0
platform,2473,251,100,20
platform,2502,500,129,20
trampoline,2351,407,80,20
platform,2685,500,92,20
wall_3d,2593,400,20,100
platform,2533,480,80,20
platform,2931,500,150,20
trampoline,2720,480,80,20
platform,3106,475,137,20
wall_3d,3018,375,20,100
platform,2958,455,80,20
platform,3222,362,138,20
platform,3442,460,129,20
trampoline,3257,342,80,20
platform,3660,500,177,20
wall_3d,3551,400,20,100
platform,3491,480,80,20
platform,3498,316,80,20
platform,2485,218,63,20
wall_3d,617,236,20,56
wall_3d,1842,334,20,76
platform,1224,134,60,20
platform,379,347,75,20
platform,2168,273,75,20
platform,3656,374,84,20
platform,1006,182,57,20
platform,936,225,59,20
wall_3d,1984,495,20,109
platform,3465,278,88,20
wall_3d,139,393,20,117
platform,3104,111,50,20
