ground,0,580,4000,20
start,107,540,40,50
goal,3732,124,80,80
platform,238,429,85,20
slope,192,440,100,100,100,0
platform,292,440,100,20
platform,382,411,143,20
slope,381,329,100,100,100,0
platform,481,329,100,20
platform,489,381,143,20
platform,680,380,158,20
trampoline,525,361,80,20
platform,834,500,197,20
spike,737,580,20,20
spike,757,580,20,20
spike,777,580,20,20
platform,963,500,199,20
trampoline,868,480,80,20
platform,1090,500,160,20
trampoline,994,480,80,20
platform,1314,500,153,20
trampoline,1124,480,80,20
platform,1462,478,134,20
trampoline,1342,480,80,20
platform,1627,489,108,20
platform,1775,500,200,20
wall_3d,1701,400,20,100
platform,1641,480,80,20
platform,1962,500,159,20
platform,2128,391,160,20
trampoline,1998,480,80,20
platform,2355,383,150,20
slope,2278,291,100,100,100,0
platform,2378,291,100,20
platform,2486,414,106,20
platform,2617,359,139,20
wall_3d,2551,259,20,100
platform,2491,339,80,20
platform,2788,286,89,20
platform,3030,277,173,20
platform,3170,387,184,20
platform,3353,500,176,20
spike,3241,580,20,20
spike,3261,580,20,20
platform,3533,500,188,20
wall_3d,3443,400,20,100
platform,3383,480,80,20
wall_3d,1948,500,20,91
wall_3d,1976,287,20,77
platform,2338,344,91,20
platform,1993,368,93,20
wall_3d,3330,323,20,69
platform,2380,415,86,20
platform,2140,156,54,20
wall_3d,2424,314,20,96
platform,919,436,79,20
platform,2907,445,96,20
wall_3d,2964,401,20,109
platform,3763,384,64,20
platform,3291,459,77,20
wall_3d,2697,495,20,81
wall_3d,1729,218,20,89
wall_3d,1120,274,20,50
platform,2511,325,79,20
