ground,0,580,4000,20
start,168,540,40,50
goal,3769,208,80,80
platform,274,500,106,20
trampoline,200,520,80,20
platform,475,500,189,20
trampoline,318,480,80,20
platform,577,434,107,20
platform,775,384,134,20
platform,893,403,96,20
wall_3d,834,303,20,100
platform,774,383,80,20
platform,1083,262,196,20
trampoline,926,383,80,20
platform,1277,115,115,20
slope,1198,162,100,100,100,0
platform,1298,162,100,20
platform,1442,100,82,20
platform,1687,100,144,20
platform,1897,135,129,20
platform,2002,149,88,20
platform,2246,292,87,20
wall_3d,2124,192,20,100
platform,2064,272,80,20
platform,2396,339,108,20
platform,2645,381,193,20
platform,2760,487,179,20
trampoline,2677,361,80,20
platform,2974,474,81,20
wall_3d,2867,374,20,100
platform,2807,454,80,20
platform,3173,500,103,20
platform,3384,368,165,20
slope,3338,400,100,100,100,0
platform,3438,400,100,20
platform,3493,307,156,20
slope,3540,268,100,100,100,0
platform,3640,268,100,20
platform,3621,425,131,20
wall_3d,3557,325,20,100
platform,3497,405,80,20
platform,3747,317,88,20
platform,1607,316,56,20
wall_3d,2320,223,20,110
wall_3d,752,241,20,96
platform,1714,410,80,20
wall_3d,1306,518,20,78
platform,1970,511,89,20
wall_3d,2837,268,20,118
wall_3d,457,343,20,73
platform,3735,373,83,20
wall_3d,3621,333,20,102
wall_3d,383,218,20,54
platform,2142,360,86,20
