ground,0,580,4000,20
start,112,540,40,50
goal,3754,496,80,80
platform,341,500,97,20
platform,524,500,188,20
spike,392,580,20,20
spike,412,580,20,20
spike,432,580,20,20
spike,452,580,20,20
platform,644,500,108,20
platform,767,500,127,20
trampoline,690,480,80,20
platform,1013,500,95,20
wall_3d,890,400,20,100
platform,830,480,80,20
platform,1156,495,108,20
trampoline,1058,480,80,20
platform,1305,500,196,20
platform,1407,500,99,20
wall_3d,1356,400,20,100
platform,1296,480,80,20
platform,1648,500,162,20
platform,1859,500,97,20
spike,1733,580,20,20
spike,1753,580,20,20
spike,1773,580,20,20
platform,2041,397,131,20
wall_3d,1950,297,20,100
platform,1890,377,80,20
platform,2159,459,163,20
platform,2394,413,172,20
trampoline,2196,439,80,20
platform,2617,476,182,20
wall_3d,2505,376,20,100
platform,2445,456,80,20
platform,2836,500,97,20
wall_3d,2726,400,20,100
platform,2666,480,80,20
platform,2955,416,147,20
trampoline,2870,480,80,20
platform,3086,500,116,20
trampoline,2975,396,80,20
platform,3309,450,96,20
wall_3d,3197,350,20,100
platform,3137,430,80,20
platform,3433,456,194,20
wall_3d,3371,356,20,100
platform,3311,436,80,20
platform,3674,500,137,20
trampoline,3454,436,80,20
platform,1648,229,54,20
wall_3d,1686,308,20,67
platform,1504,330,72,20
platform,221,281,56,20
platform,3487,226,79,20
platform,463,553,96,20
platform,189,431,96,20
platform,1478,203,81,20
wall_3d,1011,374,20,59
platform,1083,500,82,20
wall_3d,3861,214,20,115
wall_3d,1789,368,20,117
wall_3d,1043,378,20,50
wall_3d,2161,318,20,56
platform,2843,469,98,20
platform,3863,518,63,20
wall_3d,3131,479,20,74
platform,1064,372,75,20
wall_3d,3761,554,20,83
