ground,0,580,4000,20
start,175,540,40,50
goal,3719,103,80,80
platform,411,391,112,20
trampoline,224,520,80,20
platform,640,285,119,20
slope,530,291,100,100,100,0
platform,630,291,100,20
platform,740,234,111,20
platform,896,338,166,20
platform,1078,447,172,20
spike,967,580,20,20
spike,987,580,20,20
platform,1200,370,86,20
platform,1393,399,128,20
spike,1256,580,20,20
spike,1276,580,20,20
spike,1296,580,20,20
spike,1316,580,20,20
spike,1336,580,20,20
platform,1523,330,175,20
platform,1750,357,196,20
spike,1616,580,20,20
spike,1636,580,20,20
platform,1898,492,88,20
platform,2108,342,129,20
slope,2027,392,100,100,100,0
platform,2127,392,100,20
platform,2259,448,179,20
slope,2287,242,100,100,100,0
platform,2387,242,100,20
platform,2406,314,103,20
platform,2608,347,170,20
slope,2576,214,100,100,100,0
platform,2676,214,100,20
platform,2732,274,169,20
slope,2777,247,100,100,100,0
platform,2877,247,100,20
platform,2848,268,182,20
platform,3002,287,114,20
wall_3d,2925,187,20,100
platform,2865,267,80,20
platform,3143,243,97,20
platform,3358,347,131,20
slope,3274,143,100,100,100,0
platform,3374,143,100,20
platform,3598,361,191,20
slope,3549,247,100,100,100,0
platform,3649,247,100,20
platform,2051,371,98,20
wall_3d,2757,492,20,112
platform,1054,519,72,20
wall_3d,2656,444,20,77
platform,3891,550,55,20
platform,1744,343,90,20
platform,869,460,90,20
platform,1561,334,69,20
platform,176,287,51,20
platform,1299,121,97,20
wall_3d,610,169,20,61
platform,1238,340,89,20
platform,552,415,65,20
wall_3d,2922,333,20,110
platform,2241,138,73,20
platform,2565,185,55,20
platform,1052,352,84,20
wall_3d,340,105,20,109
wall_3d,488,357,20,53
