ground,0,580,4000,20
start,142,540,40,50
goal,3754,420,80,80
platform,383,500,188,20
trampoline,162,520,80,20
platform,539,500,184,20
platform,682,500,188,20
slope,727,400,100,100,100,0
platform,827,400,100,20
platform,931,500,196,20
slope,878,400,100,100,100,0
platform,978,400,100,20
platform,1170,500,181,20
trampoline,963,480,80,20
platform,1291,500,81,20
slope,1251,400,100,100,100,0
platform,1351,400,100,20
platform,1482,500,80,20
trampoline,1315,480,80,20
platform,1637,372,123,20
spike,1519,580,20,20
spike,1539,580,20,20
spike,1559,580,20,20
spike,1579,580,20,20
spike,1599,580,20,20
platform,1826,319,139,20
platform,2014,431,168,20
trampoline,1851,299,80,20
platform,2166,418,191,20
slope,2205,331,100,100,100,0
platform,2305,331,100,20
platform,2342,320,107,20
slope,2273,318,100,100,100,0
platform,2373,318,100,20
platform,2544,450,85,20
platform,2683,387,116,20
slope,2660,350,100,100,100,0
platform,2760,350,100,20
platform,2823,378,83,20
trampoline,2730,367,80,20
platform,2969,446,131,20
platform,3197,447,170,20
slope,3139,346,100,100,100,0
platform,3239,346,100,20
platform,3441,369,104,20
wall_3d,3319,269,20,100
platform,3259,349,80,20
platform,3555,249,85,20
wall_3d,3498,149,20,100
platform,3438,229,80,20
platform,661,535,73,20
platform,1870,519,58,20
platform,2545,118,54,20
wall_3d,3857,204,20,90
wall_3d,2379,171,20,115
platform,3209,440,73,20
wall_3d,404,385,20,86
platform,2119,357,61,20
wall_3d,3130,453,20,50
wall_3d,3239,254,20,82
