ground,0,580,4000,20
start,192,540,40,50
goal,3861,434,80,80
platform,401,500,109,20
platform,577,450,119,20
platform,679,343,161,20
wall_3d,628,243,20,100
platform,568,323,80,20
platform,789,484,198,20
platform,955,438,81,20
trampoline,820,464,80,20
platform,1126,482,122,20
trampoline,997,418,80,20
platform,1353,400,100,20
trampoline,1146,462,80,20
platform,1580,311,81,20
trampoline,1374,380,80,20
platform,1757,346,99,20
wall_3d,1668,246,20,100
platform,1608,326,80,20
platform,1895,428,158,20
trampoline,1790,326,80,20
platform,2072,375,192,20
trampoline,1939,408,80,20
platform,2264,370,162,20
trampoline,2121,355,80,20
platform,2371,495,132,20
wall_3d,2317,395,20,100
platform,2257,475,80,20
platform,2494,429,88,20
trampoline,2411,475,80,20
platform,2599,437,91,20
wall_3d,2546,337,20,100
platform,2486,417,80,20
platform,2840,401,177,20
wall_3d,2719,301,20,100
platform,2659,381,80,20
platform,3051,500,183,20
spike,2925,580,20,20
spike,2945,580,20,20
spike,2965,580,20,20
platform,3207,500,158,20
platform,3442,463,169,20
slope,3376,400,100,100,100,0
platform,3476,400,100,20
platform,3570,486,128,20
platform,3763,500,163,20
slope,3733,386,100,100,100,0
platform,3833,386,100,20
wall_3d,1040,290,20,51
platform,2820,407,55,20
wall_3d,3408,270,20,69
platform,1842,377,95,20
platform,325,315,91,20
platform,3054,271,92,20
platform,3840,174,65,20
platform,3863,428,85,20
wall_3d,2949,419,20,119
wall_3d,1933,215,20,94
wall_3d,2658,118,20,105
wall_3d,840,335,20,54
wall_3d,319,467,20,69
wall_3d,2455,220,20,118
wall_3d,780,274,20,98
platform,929,512,81,20
wall_3d,2415,203,20,101
