ground,0,580,4000,20
start,153,540,40,50
goal,3787,324,80,80
platform,398,500,105,20
slope,258,440,100,100,100,0
platform,358,440,100,20
platform,582,396,95,20
platform,824,494,182,20
wall_3d,703,394,20,100
platform,643,474,80,20
platform,1063,496,139,20
platform,1190,485,124,20
platform,1328,500,164,20
platform,1563,473,158,20
wall_3d,1445,373,20,100
platform,1385,453,80,20
platform,1764,326,114,20
slope,1677,373,100,100,100,0
platform,1777,373,100,20
platform,1977,225,178,20
slope,1942,226,100,100,100,0
platform,2042,226,100,20
platform,2218,352,119,20
platform,2366,227,135,20
slope,2353,252,100,100,100,0
platform,2453,252,100,20
platform,2551,357,181,20
platform,2699,442,198,20
slope,2749,257,100,100,100,0
platform,2849,257,100,20
platform,2941,500,140,20
spike,2780,580,20,20
spike,2800,580,20,20
spike,2820,580,20,20
spike,2840,580,20,20
platform,3132,500,198,20
platform,3261,500,138,20
wall_3d,3196,400,20,100
platform,3136,480,80,20
platform,3394,382,199,20
slope,3460,400,100,100,100,0
platform,3560,400,100,20
platform,3634,500,170,20
spike,3494,580,20,20
spike,3514,580,20,20
wall_3d,928,204,20,85
wall_3d,1891,379,20,58
wall_3d,2718,440,20,92
platform,3631,105,96,20
wall_3d,3076,348,20,51
wall_3d,3172,202,20,110
wall_3d,1095,315,20,75
platform,790,324,91,20
wall_3d,568,430,20,63
wall_3d,1420,385,20,59
