ground,0,580,4000,20
start,133,540,40,50
goal,3848,281,80,80
platform,296,395,110,20
spike,174,580,20,20
spike,194,580,20,20
spike,214,580,20,20
spike,234,580,20,20
spike,254,580,20,20
platform,493,455,195,20
wall_3d,394,355,20,100
platform,334,435,80,20
platform,665,495,123,20
platform,890,500,163,20
trampoline,710,475,80,20
platform,1042,380,85,20
spike,926,580,20,20
spike,946,580,20,20
spike,966,580,20,20
spike,986,580,20,20
platform,1275,384,168,20
trampoline,1071,360,80,20
platform,1424,292,143,20
trampoline,1313,364,80,20
platform,1639,407,94,20
platform,1760,500,117,20
trampoline,1683,387,80,20
platform,1905,500,178,20
trampoline,1808,480,80,20
platform,2077,500,116,20
platform,2178,499,81,20
platform,2380,424,161,20
trampoline,2224,479,80,20
platform,2570,500,113,20
trampoline,2418,404,80,20
platform,2808,358,160,20
platform,2912,260,114,20
platform,3020,137,148,20
slope,3060,160,100,100,100,0
platform,3160,160,100,20
platform,3171,199,111,20
platform,3367,131,161,20
platform,3610,245,159,20
platform,3722,181,162,20
platform,199,230,95,20
wall_3d,3558,358,20,110
platform,1072,339,94,20
wall_3d,3267,413,20,93
wall_3d,2545,284,20,118
wall_3d,168,527,20,65
wall_3d,2536,233,20,54
wall_3d,447,303,20,68
platform,2200,157,76,20
wall_3d,3169,403,20,85
