ground,0,580,4000,20
start,200,540,40,50
goal,3841,379,80,80
platform,343,495,143,20
slope,343,440,100,100,100,0
platform,443,440,100,20
platform,544,457,97,20
trampoline,383,475,80,20
platform,687,500,151,20
platform,866,500,127,20
wall_3d,776,400,20,100
platform,716,480,80,20
platform,1045,406,168,20
spike,915,580,20,20
spike,935,580,20,20
spike,955,580,20,20
spike,975,580,20,20
spike,995,580,20,20
platform,1256,500,180,20
slope,1225,306,100,100,100,0
platform,1325,306,100,20
platform,1478,466,147,20
platform,1631,500,195,20
slope,1673,366,100,100,100,0
platform,1773,366,100,20
platform,1820,500,81,20
slope,1712,400,100,100,100,0
platform,1812,400,100,20
platform,1943,500,108,20
wall_3d,1881,400,20,100
platform,1821,480,80,20
platform,2149,500,151,20
slope,2094,400,100,100,100,0
platform,2194,400,100,20
platform,2320,405,94,20
slope,2243,400,100,100,100,0
platform,2343,400,100,20
platform,2520,500,173,20
platform,2684,500,91,20
slope,2611,400,100,100,100,0
platform,2711,400,100,20
platform,2804,475,130,20
trampoline,2717,480,80,20
platform,2929,376,166,20
slope,2970,375,100,100,100,0
platform,3070,375,100,20
platform,3037,257,162,20
platform,3276,270,111,20
spike,3116,580,20,20
spike,3136,580,20,20
spike,3156,580,20,20
spike,3176,580,20,20
spike,3196,580,20,20
platform,3436,339,183,20
slope,3459,170,100,100,100,0
platform,3559,170,100,20
platform,3565,400,196,20
trampoline,3474,319,80,20
platform,3743,500,172,20
spike,3614,580,20,20
spike,3634,580,20,20
spike,3654,580,20,20
spike,3674,580,20,20
spike,3694,580,20,20
wall_3d,605,238,20,119
platform,2736,182,88,20
wall_3d,154,359,20,83
wall_3d,2873,357,20,51
wall_3d,1086,402,20,69
platform,1970,526,91,20
wall_3d,3403,509,20,69
platform,599,273,66,20
wall_3d,3190,179,20,55
platform,1904,478,90,20
platform,918,219,90,20
platform,2262,145,96,20
platform,2474,184,95,20
platform,1512,263,78,20
platform,490,216,95,20
platform,2575,541,56,20
