slope,220,500,100,100,0,100
slope,260,500,100,100,100,0
trampoline,240,560,80,20
trampoline,260,560,80,20
platform,220,500,100,20
platform,260,500,100,20
v_wall,220,520,20,100
v_wall,260,520,20,100
v_wall,300,520,20,100
v_wall,340,520,20,100
goal,940,20,80,80
checkpoint,600,260,20,60
spike,620,240,20,20
spike,600,240,20,20
spike,600,240,20,20
spike,600,240,20,20
spike,600,240,20,20
spike,600,240,20,20
spike,580,240,20,20
spike,580,240,20,20
spike,560,240,20,20
spike,560,240,20,20
spike,560,240,20,20
spike,560,240,20,20
spike,560,240,20,20
spike,560,260,20,20
spike,560,260,20,20
spike,560,260,20,20
spike,560,280,20,20
spike,560,280,20,20
spike,560,280,20,20
spike,560,300,20,20
spike,560,300,20,20
spike,580,300,20,20
spike,580,300,20,20
spike,600,300,20,20
spike,600,300,20,20
spike,600,300,20,20
spike,600,300,20,20
spike,600,300,20,20
spike,620,280,20,20
spike,620,280,20,20
spike,620,280,20,20
spike,620,280,20,20
spike,620,280,20,20
spike,620,260,20,20
spike,620,260,20,20
spike,620,260,20,20
spike,620,260,20,20
spike,620,260,20,20
spike,620,260,20,20
spike,620,260,20,20
spike,620,260,20,20
spike,620,260,20,20
spike,620,260,20,20
spike,620,260,20,20
spike,620,260,20,20
spike,620,260,20,20
spike,620,260,20,20
spike,620,260,20,20
spike,620,260,20,20
spike,620,260,20,20
spike,620,260,20,20
spike,640,260,20,20
spike,640,280,20,20
spike,640,280,20,20
spike,640,280,20,20
spike,640,280,20,20
spike,640,280,20,20
spike,640,280,20,20
spike,640,280,20,20
spike,640,300,20,20
spike,640,300,20,20
spike,620,300,20,20
spike,620,300,20,20
spike,620,300,20,20
spike,620,300,20,20
spike,620,300,20,20
spike,620,300,20,20
spike,620,300,20,20
spike,620,300,20,20
spike,620,300,20,20
spike,620,300,20,20
spike,620,300,20,20
spike,620,300,20,20
spike,600,300,20,20
spike,600,300,20,20
spike,600,300,20,20
spike,600,300,20,20
spike,600,300,20,20
spike,600,300,20,20
spike,600,300,20,20
spike,600,300,20,20
wall_3d,560,240,20,100
spike,360,500,20,20
spike,360,500,20,20
spike,360,500,20,20
spike,360,500,20,20
spike,360,500,20,20
spike,360,500,20,20
spike,360,500,20,20
spike,360,520,20,20
spike,360,520,20,20
spike,360,540,20,20
spike,360,540,20,20
spike,360,540,20,20
spike,360,540,20,20
spike,360,540,20,20
spike,360,540,20,20
spike,360,540,20,20
spike,360,560,20,20
spike,360,560,20,20
spike,360,560,20,20
spike,360,560,20,20
spike,360,560,20,20
spike,360,560,20,20
spike,360,580,20,20
spike,360,580,20,20
spike,360,580,20,20
spike,360,580,20,20
spike,360,580,20,20
spike,360,580,20,20
spike,360,580,20,20
spike,360,580,20,20
spike,360,580,20,20
pushable,400,100,40,40
pushable,400,120,40,40
pushable,400,120,40,40
pushable,400,120,40,40
pushable,400,120,40,40
pushable,380,120,40,40
pushable,380,120,40,40
pushable,360,120,40,40
pushable,340,80,40,40
pushable,360,60,40,40
pushable,380,60,40,40
pushable,400,80,40,40
pushable,400,80,40,40
pushable,400,100,40,40
pushable,400,120,40,40
pushable,340,160,40,40
pushable,320,180,40,40
pushable,280,140,40,40
pushable,280,120,40,40
pushable,320,80,40,40
pushable,340,60,40,40
pushable,380,60,40,40
pushable,400,80,40,40
pushable,400,120,40,40
pushable,400,160,40,40
pushable,360,200,40,40
pushable,340,180,40,40
pushable,320,160,40,40
pushable,320,120,40,40
pushable,320,120,40,40
pushable,340,120,40,40
pushable,360,120,40,40
pushable,380,140,40,40
pushable,400,160,40,40
pushable,380,180,40,40
pushable,340,180,40,40
pushable,340,180,40,40
pushable,320,160,40,40
pushable,320,140,40,40
pushable,320,140,40,40
pushable,340,140,40,40
pushable,340,140,40,40
pushable,380,160,40,40
pushable,380,160,40,40
pushable,380,160,40,40
pushable,360,160,40,40
pushable,340,160,40,40
pushable,320,160,40,40
pushable,320,160,40,40
spike,470,489,20,20
spike,564,472,20,20
spike,717,406,20,20
slope,404,499,100,100,100,0
slope,433,484,100,100,100,0
slope,466,473,100,100,100,0
slope,526,449,100,100,100,0
slope,515,442,100,100,100,0
slope,548,440,100,100,100,0
slope,571,418,100,100,100,0
slope,616,394,100,100,100,0
slope,616,394,100,100,100,0
slope,616,394,100,100,100,0
slope,616,394,100,100,100,0
slope,616,394,100,100,100,0
slope,616,394,100,100,100,0
slope,616,394,100,100,100,0
slope,616,394,100,100,100,0
slope,616,397,100,100,100,0
slope,616,400,100,100,100,0
slope,616,408,100,100,100,0
slope,616,410,100,100,100,0
slope,616,415,100,100,100,0
slope,616,420,100,100,100,0
slope,616,423,100,100,100,0
slope,616,425,100,100,100,0
slope,614,428,100,100,100,0
slope,610,431,100,100,100,0
slope,608,433,100,100,100,0
slope,600,438,100,100,100,0
slope,592,441,100,100,100,0
slope,590,442,100,100,100,0
slope,587,443,100,100,100,0
slope,584,445,100,100,100,0
slope,578,451,100,100,100,0
slope,573,455,100,100,100,0
slope,571,456,100,100,100,0
slope,568,459,100,100,100,0
slope,561,464,100,100,100,0
slope,558,467,100,100,100,0
slope,553,470,100,100,100,0
slope,551,472,100,100,100,0
slope,546,474,100,100,100,0
slope,542,476,100,100,100,0
slope,536,480,100,100,100,0
slope,532,482,100,100,100,0
slope,528,482,100,100,100,0
slope,528,482,100,100,100,0
slope,525,484,100,100,100,0
slope,519,485,100,100,100,0
slope,516,488,100,100,100,0
slope,510,489,100,100,100,0
slope,505,491,100,100,100,0
slope,495,493,100,100,100,0
slope,493,494,100,100,100,0
slope,481,496,100,100,100,0
slope,478,497,100,100,100,0
slope,470,498,100,100,100,0
slope,464,498,100,100,100,0
slope,461,500,100,100,100,0
slope,456,500,100,100,100,0
slope,453,500,100,100,100,0
slope,453,500,100,100,100,0
slope,453,500,100,100,100,0
slope,453,500,100,100,100,0
slope,453,500,100,100,100,0
slope,453,500,100,100,100,0
slope,455,502,100,100,100,0
slope,458,505,100,100,100,0
slope,464,508,100,100,100,0
slope,472,512,100,100,100,0
slope,477,512,100,100,100,0
slope,480,512,100,100,100,0
slope,487,512,100,100,100,0
slope,494,512,100,100,100,0
slope,501,512,100,100,100,0
slope,504,512,100,100,100,0
slope,512,512,100,100,100,0
slope,514,512,100,100,100,0
slope,521,512,100,100,100,0
slope,526,512,100,100,100,0
slope,531,512,100,100,100,0
slope,536,512,100,100,100,0
slope,541,512,100,100,100,0
slope,544,511,100,100,100,0
slope,556,507,100,100,100,0
slope,560,506,100,100,100,0
slope,562,506,100,100,100,0
slope,566,504,100,100,100,0
slope,574,503,100,100,100,0
slope,577,503,100,100,100,0
slope,581,503,100,100,100,0
slope,585,500,100,100,100,0
slope,591,498,100,100,100,0
slope,594,497,100,100,100,0
slope,598,495,100,100,100,0
slope,600,493,100,100,100,0
slope,602,492,100,100,100,0
slope,604,490,100,100,100,0
slope,606,489,100,100,100,0
slope,608,487,100,100,100,0
slope,610,485,100,100,100,0
slope,611,483,100,100,100,0
slope,615,479,100,100,100,0
slope,618,476,100,100,100,0
slope,622,473,100,100,100,0
slope,623,471,100,100,100,0
slope,625,468,100,100,100,0
slope,628,465,100,100,100,0
slope,633,459,100,100,100,0
slope,634,457,100,100,100,0
slope,639,450,100,100,100,0
slope,640,448,100,100,100,0
slope,642,443,100,100,100,0
slope,643,441,100,100,100,0
slope,644,439,100,100,100,0
slope,645,437,100,100,100,0
slope,645,435,100,100,100,0
slope,645,433,100,100,100,0
slope,647,431,100,100,100,0
slope,648,427,100,100,100,0
slope,648,425,100,100,100,0
slope,649,421,100,100,100,0
slope,650,418,100,100,100,0
slope,652,414,100,100,100,0
slope,655,409,100,100,100,0
slope,655,408,100,100,100,0
slope,655,407,100,100,100,0
slope,655,407,100,100,100,0
slope,655,407,100,100,100,0
slope,655,407,100,100,100,0
slope,655,407,100,100,100,0
slope,655,407,100,100,100,0
slope,655,406,100,100,100,0
slope,653,404,100,100,100,0
slope,652,402,100,100,100,0
slope,652,402,100,100,100,0
slope,652,401,100,100,100,0
slope,652,400,100,100,100,0
slope,652,400,100,100,100,0
slope,651,399,100,100,100,0
slope,651,399,100,100,100,0
slope,651,399,100,100,100,0
slope,651,399,100,100,100,0
slope,651,399,100,100,100,0
slope,651,398,100,100,100,0
slope,651,397,100,100,100,0
slope,651,396,100,100,100,0
slope,651,394,100,100,100,0
slope,650,393,100,100,100,0
slope,650,390,100,100,100,0
slope,650,389,100,100,100,0
slope,650,388,100,100,100,0
slope,650,386,100,100,100,0
slope,650,383,100,100,100,0
slope,650,381,100,100,100,0
slope,650,380,100,100,100,0
slope,650,377,100,100,100,0
slope,650,377,100,100,100,0
slope,650,377,100,100,100,0
slope,650,377,100,100,100,0
slope,650,377,100,100,100,0
slope,650,377,100,100,100,0
slope,650,377,100,100,100,0
slope,650,377,100,100,100,0
slope,650,377,100,100,100,0
slope,650,377,100,100,100,0
slope,650,377,100,100,100,0
slope,650,377,100,100,100,0
slope,650,377,100,100,100,0
slope,650,377,100,100,100,0
slope,649,377,100,100,100,0
slope,826,450,100,100,100,0
slope,829,448,100,100,100,0
slope,830,448,100,100,100,0
slope,833,446,100,100,100,0
slope,837,445,100,100,100,0
slope,841,443,100,100,100,0
slope,847,436,100,100,100,0
slope,848,433,100,100,100,0
slope,850,429,100,100,100,0
slope,852,422,100,100,100,0
slope,855,418,100,100,100,0
slope,854,412,100,100,100,0
slope,851,409,100,100,100,0
slope,838,398,100,100,100,0
slope,835,394,100,100,100,0
slope,825,390,100,100,100,0
slope,822,389,100,100,100,0
slope,819,388,100,100,100,0
slope,816,388,100,100,100,0
slope,811,393,100,100,100,0
slope,808,396,100,100,100,0
slope,806,402,100,100,100,0
slope,803,408,100,100,100,0
slope,802,411,100,100,100,0
slope,802,415,100,100,100,0
slope,802,421,100,100,100,0
slope,804,425,100,100,100,0
slope,805,427,100,100,100,0
slope,810,432,100,100,100,0
slope,820,438,100,100,100,0
slope,826,440,100,100,100,0
slope,831,441,100,100,100,0
slope,838,440,100,100,100,0
slope,844,438,100,100,100,0
slope,850,431,100,100,100,0
slope,854,420,100,100,100,0
slope,852,412,100,100,100,0
slope,834,401,100,100,100,0
slope,823,398,100,100,100,0
slope,816,398,100,100,100,0
slope,814,398,100,100,100,0
slope,812,398,100,100,100,0
slope,808,401,100,100,100,0
slope,805,410,100,100,100,0
slope,800,423,100,100,100,0
slope,800,436,100,100,100,0
slope,800,436,100,100,100,0
slope,801,440,100,100,100,0
slope,822,450,100,100,100,0
slope,836,452,100,100,100,0
slope,844,452,100,100,100,0
slope,848,449,100,100,100,0
slope,851,445,100,100,100,0
slope,845,432,100,100,100,0
pushable,815,295,40,40
pushable,815,295,40,40
pushable,815,297,40,40
pushable,814,297,40,40
pushable,792,300,40,40
pushable,776,301,40,40
pushable,775,301,40,40
pushable,775,301,40,40
pushable,785,290,40,40
pushable,795,284,40,40
pushable,804,281,40,40
pushable,819,277,40,40
pushable,818,284,40,40
pushable,809,322,40,40
pushable,759,376,40,40
pushable,733,382,40,40
pushable,720,377,40,40
pushable,713,360,40,40
pushable,713,341,40,40
pushable,740,289,40,40
pushable,740,289,40,40
pushable,769,281,40,40
pushable,791,288,40,40
pushable,802,308,40,40
pushable,802,323,40,40
pushable,785,355,40,40
pushable,785,355,40,40
pushable,769,361,40,40
pushable,762,360,40,40
pushable,751,355,40,40
pushable,747,348,40,40
pushable,798,337,40,40
pushable,798,337,40,40
pushable,808,342,40,40
pushable,809,345,40,40
pushable,807,352,40,40
pushable,790,364,40,40
pushable,769,371,40,40
pushable,762,371,40,40
pushable,750,371,40,40
pushable,750,371,40,40
pushable,758,365,40,40
pushable,776,363,40,40
pushable,777,363,40,40
pushable,775,367,40,40
pushable,766,380,40,40
pushable,755,394,40,40
pushable,743,403,40,40
pushable,743,403,40,40
pushable,753,385,40,40
pushable,766,371,40,40
pushable,775,358,40,40
trampoline,682,173,80,20
trampoline,682,183,80,20
trampoline,682,198,80,20
trampoline,681,202,80,20
trampoline,677,204,80,20
trampoline,673,205,80,20
trampoline,664,205,80,20
trampoline,660,204,80,20
trampoline,657,203,80,20
trampoline,657,203,80,20
trampoline,657,203,80,20
trampoline,659,203,80,20
trampoline,661,203,80,20
trampoline,667,203,80,20
trampoline,675,203,80,20
trampoline,678,203,80,20
trampoline,680,203,80,20
trampoline,682,203,80,20
trampoline,680,201,80,20
trampoline,680,201,80,20
trampoline,667,196,80,20
trampoline,659,192,80,20
trampoline,649,187,80,20
trampoline,643,185,80,20
trampoline,638,181,80,20
trampoline,638,179,80,20
trampoline,638,179,80,20
trampoline,638,178,80,20
trampoline,638,177,80,20
trampoline,635,175,80,20
trampoline,631,171,80,20
trampoline,626,169,80,20
trampoline,623,167,80,20
trampoline,620,165,80,20
trampoline,615,162,80,20
trampoline,615,162,80,20
trampoline,615,162,80,20
trampoline,616,161,80,20
trampoline,622,158,80,20
trampoline,640,151,80,20
trampoline,650,148,80,20
trampoline,671,153,80,20
trampoline,673,159,80,20
trampoline,673,173,80,20
trampoline,648,199,80,20
trampoline,637,199,80,20
trampoline,635,199,80,20
trampoline,632,197,80,20
trampoline,628,189,80,20
trampoline,636,180,80,20
trampoline,651,176,80,20
trampoline,658,176,80,20
trampoline,675,175,80,20
trampoline,686,175,80,20
trampoline,695,177,80,20
trampoline,697,182,80,20
trampoline,695,186,80,20
trampoline,674,194,80,20
trampoline,658,192,80,20
trampoline,648,188,80,20
trampoline,645,186,80,20
trampoline,645,181,80,20
trampoline,646,171,80,20
trampoline,667,159,80,20
trampoline,682,161,80,20
trampoline,696,162,80,20
trampoline,700,164,80,20
trampoline,228,479,80,20
trampoline,228,479,80,20
trampoline,228,479,80,20
trampoline,228,479,80,20
trampoline,232,479,80,20
trampoline,250,479,80,20
trampoline,268,479,80,20
trampoline,287,476,80,20
trampoline,305,476,80,20
trampoline,315,476,80,20
trampoline,316,476,80,20
trampoline,316,476,80,20
trampoline,316,476,80,20
trampoline,311,476,80,20
trampoline,291,476,80,20
trampoline,289,476,80,20
trampoline,289,476,80,20
trampoline,291,476,80,20
trampoline,294,476,80,20
trampoline,314,476,80,20
trampoline,339,476,80,20
trampoline,342,476,80,20
trampoline,343,476,80,20
trampoline,344,476,80,20
trampoline,344,476,80,20
trampoline,340,477,80,20
trampoline,335,477,80,20
trampoline,334,477,80,20
trampoline,334,477,80,20
trampoline,340,477,80,20
trampoline,346,477,80,20
trampoline,351,477,80,20
trampoline,352,477,80,20
trampoline,353,478,80,20
trampoline,355,481,80,20
trampoline,358,482,80,20
trampoline,361,484,80,20
trampoline,364,485,80,20
trampoline,368,485,80,20
trampoline,371,485,80,20
trampoline,372,485,80,20
trampoline,372,485,80,20
start,587,537,40,50
